8645
9884
9929
7724
9552
8421
6933
10101
9763
9216
9105
9890
10116
10235
10108
10033
10160
10047
9869
10063
9259
9962
8921
9283
5943
6961
9096
9822
10068
9794
9753
10156
9453
10172
9891
9708
9788
10046
10230
10142
9730
9769
10113
9765
9572
10064
10041
10239
10184
8113
4751
6289
7205
9905
9966
10017
8941
10005
9374
9112
8914
9575
9491
9287
9943
9317
10167
9506
8415
7511
6674
9013
8560
6329
9609
8883
7934
5871
5878
3654
8968
6724
6210
9774
9496
9979
9980
8666
10088
9922
9913
9875
10178
9643
10147
9990
9721
8697
8184
8100
7797
7070
9535
5212
681
458
2940
157
26
5697
4632
148
7170
2010
7858
8069
5739
4832
1238
1086
304
8287
3518
471
6026
4554
8831
8105
6352
6006
3908
1768
1369
10177
4506
3945
3330
2937
10019
7438
7232
7169
4335
7404
5332
5111
1581
1341
8425
7842
5604
10030
9971
9473
8972
8123
7747
6196
5778
3864
1250
9958
7910
7287
6628
5811
5789
5420
4511
1078
795
138
10024
9902
8902
7987
7228
8095
7978
6339
5376
4654
3721
2634
1803
9860
9749
9634
7171
4929
4844
4742
4734
282
9405
8886
8827
5272
4637
3187
2411
2403
185
0
8798
7644
7440
5761
1832
1055
785
9315
7680
6162
5638
5551
5205
4640
4491
3941
3478
3416
3020
1128
862
8468
7158
8177
7085
6136
5461
5301
4868
4809
4117
3251
2514
1044
365
10032
9501
8925
8702
8486
8215
8194
8077
7641
6153
5972
5049
4988
4936
4246
4066
2397
1516
1417
1353
1080
1051
9190
8601
8557
7646
7355
7243
6990
6940
6730
4817
4789
4755
3497
2877
791
9304
8693
8449
8232
6602
6582
6529
5561
5258
4919
3564
3095
3018
2350
860
642
8640
8251
8147
8135
6347
6205
5767
5642
5517
5385
5291
4924
4733
3688
3449
2552
1965
1073
587
8595
8522
8339
8227
6799
6734
6447
6120
5718
5701
5580
5042
4779
4574
3512
3136
3132
3019
2911
2787
2254
1005
580
444
412
10082
10053
9512
9459
9455
9398
9332
9016
8810
8170
7990
7698
7446
7059
6778
6636
6612
6546
6179
6015
5910
5751
5473
5187
5073
4998
4235
4094
3948
3145
2968
2808
2777
2687
2680
2506
2485
2449
2225
1731
1303
854
24
10043
9689
9654
9086
9035
8803
8627
8604
8550
8451
8308
8302
7857
7856
7787
7576
7510
7389
7381
7253
7072
6992
6928
6695
6048
5885
5529
5520
5472
5315
4881
4880
4679
4353
3532
3432
3051
2964
2873
2715
2698
2184
2105
2015
1499
1321
1111
1101
866
741
479
9419
9250
9154
9047
10232
10197
10028
10013
9878
9834
9780
9742
9712
9671
9661
9659
9598
9588
9303
9178
9124
9098
9084
9065
9060
9041
9032
9024
8924
8910
8766
8518
8517
8455
8437
8402
8389
8284
8263
8056
7901
7888
7881
7531
7477
7433
7336
7241
7203
7097
7090
7075
7038
6858
6769
6733
6711
6692
6663
6655
6520
6489
6475
6449
6343
6302
6300
6211
6201
6042
5772
5756
5624
5492
5416
5370
5166
5165
5162
4899
4858
4826
4773
4728
4552
4366
4341
4258
4160
4147
4143
4105
3954
3874
3859
3826
3727
3706
3623
3541
3464
3446
3390
3093
3066
3050
3049
3047
3034
3017
2955
2901
2876
2550
2496
2494
2489
2448
2400
2385
2351
2347
2334
2222
2209
2204
2164
2132
2102
2003
1897
1720
1651
1583
1541
1526
1506
1205
1127
1050
1043
993
953
922
865
573
539
449
422
356
312
292
274
215
44
9783
9545
9524
9440
9202
9085
9054
9033
9025
8986
8918
8792
8778
8599
8574
8527
8491
8365
8331
8243
8172
7918
7912
7659
7649
7420
7255
7245
7080
7077
6969
6926
6866
6784
6749
6705
6696
6694
6637
6581
6556
6455
6440
6381
6286
6284
6247
6203
6077
6071
6064
6061
6053
5947
5932
5786
5711
5678
5651
5620
5568
5503
5434
5234
5138
5107
5064
5043
5028
4985
4958
4860
4833
4827
4610
4591
4385
4384
4362
4210
3957
3933
3835
3765
3672
3603
3572
3513
3396
3395
3302
3144
3105
3061
2958
2841
2756
2706
2659
2584
2535
2343
2319
2291
2290
2249
2108
2035
2026
1944
1917
1830
1760
1729
1528
1482
1054
972
957
885
748
737
666
484
447
376
343
327
277
203
180
19
9541
9373
9360
9321
8843
8383
8265
8114
8088
8059
7965
7707
7618
7386
7264
7257
7149
7043
6987
6959
6765
6566
6540
6450
6178
6089
5907
5677
5349
5305
4898
4650
4577
4510
4291
4067
3676
2754
2707
2649
2569
2521
2324
2267
2158
2071
1883
1075
1071
1028
999
709
703
507
119
9864
9754
9067
8416
7745
7723
7496
7418
7173
6971
6780
6630
6199
6128
5571
5369
5341
5236
4889
4435
4065
3962
3703
3640
3627
3037
2914
2331
1851
1746
1443
1213
1194
857
786
611
525
483
410
150
10066
9546
9264
8997
8438
8092
7908
7825
7701
7333
6617
6499
6309
5629
5530
5433
5081
4434
3817
3170
3068
2438
2027
1561
1427
844
742
454
399
9331
9155
8642
8569
8507
8361
7073
7006
6807
6577
6413
6407
6364
5792
5623
4620
4512
3454
3062
2731
1950
1849
1173
945
326
89
9838
9497
6417
5771
4021
3536
2982
1984
1767
1682
9464
8210
7286
7047
6565
5429
4444
2952
2657
2593
2192
1921
7455
4304
5999
5768
5409
2117
8744
8516
8166
7505
7082
4657
4180
3487
9182
8332
5738
5690
4309
4276
3388
3322
3247
1906
1836
1509
80
10233
9941
7302
6886
5490
5235
4284
3259
1053
9605
9325
9219
7458
6269
4693
4538
2288
6359
6068
5822
5396
2542
15
6430
4469
9088
7803
6924
6387
5189
4106
3642
2575
1604
10061
7260
3488
1815
9656
8840
8753
8252
1223
361
7237
6583
1207
5941
2571
851
5450
5253
5145
3778
3508
2016
8247
3602
3107
9854
9099
5759
5267
2806
8900
6264
5950
4959
2436
199
8239
9926
9273
7215
6626
5978
5969
3897
1629
1269
438
9192
9180
8080
4253
4069
9814
6666
5331
5308
4169
2704
9191
6908
5712
5296
4536
3417
1699
3213
9206
9143
6745
6562
6132
5655
4995
4623
4558
2859
2574
6665
772
10095
9574
6842
2908
2342
1694
427
8817
7358
4436
3734
2864
2528
1403
99
9064
8995
6235
5763
5692
134
65
2468
1680
654
7959
5825
4529
3928
3661
1337
1109
758
115
3732
3616
3519
3404
2446
8482
6360
4345
2825
8570
5382
4275
2848
2122
8864
8531
6563
5918
5795
5164
4994
4747
2404
970
10012
10003
7410
7186
4828
3162
2871
2043
1914
8188
4030
1624
1520
309
5917
3820
3662
1857
1343
9682
8148
7897
7613
2720
2633
2594
606
8890
8805
7874
7484
7377
5085
4696
4589
3118
2053
1340
3466
3101
684
5908
5851
5365
3332
2946
675
9439
7859
7785
7677
7288
6878
5076
5045
5030
4886
3944
3311
522
10083
8853
8839
7216
6276
4364
2919
2609
2090
1967
1912
1316
597
67
7579
7407
6610
5652
5290
4176
3459
2128
2028
1557
1257
1169
411
7550
6182
5316
5211
3533
3100
1635
1124
82
9855
9389
8994
8719
6812
5158
4816
1749
238
8960
4772
3165
1962
612
383
9161
8906
7600
6726
5329
4624
3965
3858
3462
3185
2816
1594
9789
7400
6644
5096
4327
3929
3336
3269
807
640
9607
9162
8386
7526
7513
6456
5802
5686
5082
4181
3829
3588
3122
2348
2242
1616
453
402
5981
5276
4892
4759
4553
8400
6789
4461
4149
3641
3626
3277
3161
534
314
9755
9135
8498
9220
8998
8930
8912
8580
8373
7380
7285
6754
5720
5037
4741
4242
3994
2137
2077
1943
1630
1047
480
248
10044
9621
8911
8478
6998
6480
6197
5706
5550
5411
3444
3340
2526
2379
2273
1011
367
196
9082
9109
8688
7991
6787
5489
5471
5431
3754
3673
3423
3090
1898
954
162
2
9599
9523
9404
8909
8452
7622
7575
6766
6691
6467
6448
6092
4395
4195
3599
3300
2617
1411
936
278
8970
8469
8004
7817
7667
6431
6428
6371
6191
5889
4611
3890
3577
3538
3424
2052
1899
446
9796
9385
8613
8474
8241
8094
8037
7909
7752
7715
7684
7577
7453
7197
6742
6285
6131
5586
4635
4489
1602
9856
9260
8733
8528
7925
7711
7652
7492
7356
7095
6689
6482
6227
6002
5815
5013
4721
4691
4225
4017
3900
2928
2733
1052
964
81
9177
8144
7997
7871
7672
7522
7178
7140
7067
6650
4745
4743
4686
4539
4408
4321
4108
4061
3971
3434
3376
3308
2513
2463
1812
1697
1597
1514
1066
994
338
8548
8344
8238
8223
8132
7319
7194
7142
6818
6763
6548
6183
6086
5934
5816
5543
5491
5150
4763
4709
4265
4073
3637
3451
3323
3150
3084
3027
2878
2556
2245
2145
2110
2041
1995
1866
1763
1724
1669
1668
1538
1229
1216
1209
1084
628
602
267
8957
8768
8694
8612
8589
8556
8279
7956
7864
7861
7688
7639
7368
7145
7113
7024
7013
7012
6972
6968
6903
6321
6067
6039
5992
5782
5643
5483
5418
5286
5020
4534
4293
4263
4247
4183
4016
3758
3677
3649
3558
3475
3329
3317
3284
3160
3104
3038
2781
2638
2605
2604
2339
2238
2098
1936
1905
1864
1757
1713
1689
1074
910
775
586
511
476
429
416
395
298
191
109
21
10018
9846
9845
9825
9779
9736
9735
9486
9468
9366
9340
9157
9148
9022
8742
8650
8524
8426
8233
8042
8017
7920
7686
7604
7156
7128
6953
6916
6274
6248
6145
5863
5717
5619
5578
5495
5488
5399
5309
5285
5244
5044
4418
4172
4063
3694
3648
3578
3479
3221
3155
2934
2775
2736
2631
2393
2373
2296
2241
2205
2167
2133
1948
1721
1705
1614
1345
1317
1273
1187
1157
991
879
872
777
616
452
336
164
28
9617
9377
9087
9039
8927
8710
8367
8054
8044
7941
7823
7780
7280
7265
7163
7088
7062
6574
6524
6486
6028
5913
5257
5156
5040
4533
4445
4390
4177
3963
3724
3663
3294
3252
3211
2988
2780
2452
1946
1820
1637
1613
1307
1274
880
608
604
543
340
234
165
10191
10166
9911
9700
9417
9406
8684
8646
8328
8307
8206
8111
7574
7258
7154
6909
6515
6452
5952
5832
5516
5423
4963
4717
4250
4109
3981
3619
3542
3457
3166
3013
2696
2636
2587
2486
2266
1867
1783
1587
1380
1167
1000
941
641
594
419
30
9630
9034
8615
8382
8159
7809
7248
6862
6567
6217
5289
5130
4782
4739
4398
3738
3471
5911
3719
8174
3290
3115
3003
2582
2533
2143
1980
1586
1405
1309
1290
819
538
6
10121
9868
10105
10029
9946
9441
8572
7769
6670
6298
5097
4382
4083
4031
1272
1261
843
2625
485
7782
8175
363
345
193
133
8420
7674
7332
7122
6856
6169
4618
4158
3674
3168
2918
2700
2401
1393
909
824
551
10077
8967
7828
7759
6054
5303
5287
4328
4102
9927
1626
8751
8724
2060
1814
1022
506
213
207
95
9394
9282
9271
9167
7323
6677
6466
6055
5714
5328
4713
4619
3992
3860
2744
2065
1452
780
660
565
346
66
10139
9848
4825
10084
8783
8748
8681
8504
6805
6752
5674
5122
4890
3775
3546
3456
3070
1882
1715
1420
1090
958
579
505
10185
9741
9726
8644
6795
9023
9020
8378
7519
7115
5071
8521
9604
1103
8503
5036
339
4675
4613
4051
1828
1571
369
341
9238
9128
7960
7793
7676
7625
7439
6256
6164
5719
5513
5218
3976
3254
2283
1188
1131
76
71
5271
5210
7761
1523
4502
7992
3773
3636
10140
9947
6643
6631
5306
4695
3002
2829
2064
1664
1517
1447
1133
831
8012
6437
7523
10007
9872
9658
7134
6688
6595
5094
4123
4009
3950
3870
6988
9955
9953
8992
2616
178
8946
1500
3679
2573
968
202
8502
7650
5300
5134
4668
2415
1790
8538
8398
7706
5070
4363
4175
3425
3392
2459
1608
1140
9842
8637
7979
7480
2458
2834
18
9666
9094
9267
9756
4918
4916
4795
4661
3493
1151
8885
8707
7139
5178
5086
4669
4312
4245
2853
1125
624
9492
8935
5670
3921
646
10201
9007
8537
6377
1367
4882
6031
8776
9196
9517
7862
10081
9527
8616
8049
6737
3823
2800
2201
8304
5302
4438
9480
7995
5814
4077
3563
1567
415
9560
4041
3827
8631
7730
3633
1643
10175
9757
8026
9808
8711
7413
10118
7589
7359
6785
6404
1748
665
424
10106
9603
1579
704
593
421
7175
3568
521
9885
6432
9917
8867
4101
7395
6547
6266
5441
2082
669
6517
4289
2993
9369
5515
1282
659
518
9130
5017
9818
6808
4856
2270
4479
4145
2260
1666
23
875
104
9650
9375
8407
4093
2936
576
3113
2239
9915
6213
2554
1929
793
9945
9015
4154
9431
7516
9744
7892
7517
7329
4447
9937
3844
3225
3527
3282
9934
8354
7064
3800
2510
2504
912
760
3482
1365
1138
550
6764
6539
5335
5239
8549
8179
4872
1222
10143
5775
6231
9532
8674
8377
4049
4405
3378
3219
1966
430
5864
5060
1535
8463
5216
5067
3500
3480
3080
2776
2426
10216
9068
8181
4897
1072
323
247
978
103
2640
464
5649
4977
6891
2440
1210
976
6270
5784
4054
3924
3460
3011
1819
27
8535
5799
5748
4514
2838
1923
1092
9266
7885
5868
4190
3607
1661
895
214
9586
4729
4587
2314
1772
1230
7945
7212
6135
1838
8016
6794
6658
3335
664
9485
8989
7584
6504
1986
10065
7905
7758
6819
3031
2927
8433
6645
1464
289
8862
6216
5902
3737
1747
1544
9921
8509
7738
7729
6635
4035
4678
5120
3893
8969
7976
7125
6680
3794
3312
3076
10080
7330
6604
3139
1024
496
8293
4490
3912
10112
9631
9223
8419
4706
4500
3575
803
7415
6051
3237
2935
9610
7019
1395
946
382
187
10035
9320
4080
3183
2606
1559
132
8769
8610
7537
6328
2563
1368
257
9083
7475
5783
4607
2778
1507
55
9072
8439
7749
6664
6035
3938
2619
9494
8047
8856
6840
9306
6303
5849
5229
4432
4084
3725
2520
1023
856
9841
9638
6921
5188
4424
4377
3836
1600
9991
9183
7593
5850
5326
5170
4946
4885
3559
1450
8837
8763
8083
6163
9748
6001
3621
3324
2024
7188
7051
5968
5243
5222
3521
8427
7485
5810
183
8793
7508
4545
4146
3711
3060
2819
2078
10159
9815
7372
6152
5846
4883
3615
2997
2673
1510
1013
9795
6029
9363
8029
8018
7964
7191
7017
5228
4735
4474
4078
3824
3815
3399
3232
1818
1522
1070
7886
7176
6341
4464
3810
1582
1244
8445
7750
6156
4941
3286
2953
2753
2639
9176
8127
7819
6646
1040
7262
6446
6361
4368
4226
2139
1327
971
151
9476
9388
9113
8142
7657
6616
5793
4516
4340
3841
2473
2428
1673
735
52
8641
7994
7725
6389
5627
6803
8405
8647
3830
7259
5577
3304
2938
2456
1913
789
428
10050
9600
9570
8949
8869
7697
7663
7300
7138
6403
5881
5598
5579
4762
3326
2950
2865
2037
992
469
175
90
9540
2847
6977
3520
1374
893
123
7800
6629
5951
5938
5589
2869
2690
2341
2172
1176
726
125
10055
9956
8928
8129
7985
5974
5744
5280
4282
3287
3158
2796
1865
752
135
9616
3966
6190
5890
5573
5494
5265
3803
3346
2580
2127
2018
1956
1081
9241
8965
8298
8002
7110
6542
6538
5469
3465
2943
2079
1703
1536
1421
1262
1147
569
271
3813
3412
8485
7837
7442
7487
3409
3157
2804
2534
2151
1617
10023
7092
6362
5608
4716
4355
3740
3256
3045
1977
1773
1061
973
494
316
29
6130
5897
5753
4492
3988
3707
3368
2199
7313
4313
5417
3905
145
3796
1502
1310
610
88
9103
7999
7474
7299
6465
6296
5710
5342
2861
2747
2662
1391
380
6642
6555
5700
5000
4956
3914
3141
2967
2966
2244
1564
3240
9843
5770
2093
1560
302
8541
8391
8372
7968
7211
6462
4496
3553
3004
2963
2875
2294
1373
43
9516
8091
6167
5355
5268
4746
2823
2444
1287
823
255
8819
9101
8665
9226
7692
3186
1878
8662
8299
6493
6310
5820
5741
4605
4043
3453
2714
2629
2576
2518
1954
1869
921
8199
7943
7813
7762
7567
7276
5644
5035
4922
4216
3001
2990
2941
2622
2300
1816
1596
1351
787
223
94
7007
6967
6960
6915
6906
6673
5848
5787
5319
5203
4548
4261
4090
3799
3477
3022
1922
1534
1270
1048
626
8920
8807
7529
7461
7320
7272
6560
2399
6907
6472
6043
6033
5496
4968
4927
4223
4174
3751
3608
3369
3327
3271
2758
2469
1622
1568
1437
1397
1283
1156
948
693
526
486
263
9655
9050
7441
7009
6483
9932
9836
6385
9829
6084
5988
5693
5474
5281
4778
4726
4008
3489
3112
3079
2213
1723
1512
1370
966
788
575
553
463
9188
9133
8988
8812
8429
8221
8120
7923
7608
7066
4125
9445
3902
10180
9693
7061
6996
6147
5983
5935
5186
5089
4727
4546
4367
4278
4039
3969
3937
3818
3742
3666
3382
2565
2168
2147
1164
990
916
881
584
10190
10058
9866
3985
1409
9559
9122
9747
9701
9313
9256
9140
9127
9038
8671
8119
7685
7660
7536
7351
7157
7121
6930
6653
6277
6204
6110
5954
5845
5633
5481
5282
5215
5174
5155
4296
4091
9595
10183
8417
4026
3886
3879
3845
3692
3054
2641
2487
2171
2092
1823
1670
1652
1477
833
792
697
401
299
251
198
186
168
10217
10148
9948
9880
9858
9758
9663
9314
4794
8193
1311
8690
2972
1132
9230
9002
9000
8396
8217
7843
7832
7465
7362
7341
7308
6983
6625
6399
6293
6272
6250
6017
5887
5391
5360
5121
5110
4971
4722
4625
4453
4336
8310
4185
3463
3202
3135
2922
2899
2178
1902
1872
1835
1764
1644
1467
1236
1211
1153
873
815
114
9853
9703
9584
9460
9239
9044
8944
8804
8786
8762
8691
8530
8358
8352
3804
8635
9040
6108
8007
7986
7876
7812
7720
7426
7294
7044
6308
6148
5990
5874
5734
5673
5588
5523
5439
5310
5179
4849
4448
4349
4338
4281
4197
4028
4024
3989
3973
3903
8167
142
3255
3223
3086
3014
2827
2732
2683
2590
2539
2374
2372
2304
2120
2070
2058
1700
1610
1444
1239
1110
983
923
917
644
598
497
491
413
404
306
293
259
8476
3665
9702
9528
9436
201
54
8395
8311
8197
7705
7541
7346
6762
6738
6376
6348
6100
6079
5912
5831
5537
4950
4487
4037
4011
3968
3814
3472
3467
3422
3359
2867
2817
6123
3209
9371
2699
2366
2129
1663
1619
1489
1445
1251
1200
1077
902
588
558
403
310
113
107
62
61
10124
10037
9982
9859
9727
9722
9482
9424
9215
9201
8703
8040
8045
5451
390
9995
4301
8542
7824
7553
6436
6356
5545
5200
5196
4914
4707
4599
4139
3696
3528
3331
2974
2503
2375
2368
1642
1231
1175
929
723
378
221
9
10206
10004
7869
9724
9062
8151
7521
9951
9768
9580
9316
9290
8704
8306
8214
8075
7748
7658
6919
6914
6712
6586
6345
6317
5587
5562
5498
5415
4072
3802
3710
3576
3408
3403
3210
3180
5072
2757
2181
2006
1711
1683
1378
797
35
12
9367
8943
8664
7000
6771
6069
5903
5101
4334
4330
4287
4075
3756
3206
3082
2991
2912
2799
2798
2650
1847
1798
1726
434
8408
349
9164
8850
8800
6974
6561
6418
5380
3889
3735
2794
2688
2570
2437
2277
1681
1607
926
776
5
10174
10034
8825
7938
7922
7722
7687
7159
6757
6718
6708
6707
6207
8146
8487
6453
9421
5505
5068
5029
4792
4671
4463
3809
3098
2924
2615
2279
2062
782
736
7802
6753
6722
6671
4811
4808
4134
3763
3077
2545
2107
2074
1423
9430
9102
8791
1495
2278
2801
8540
9198
8515
7948
7234
7102
6797
6115
6050
4752
4100
3907
3825
3397
3243
3167
2493
1333
887
747
253
9557
9045
7612
6958
6268
5800
5510
5109
4718
4570
440
8143
7592
4593
3894
3188
6558
8880
4323
3253
2390
2228
1811
1271
1170
1119
10040
9734
8390
8060
6871
6159
5922
4932
4814
4698
4360
4129
3884
3447
3420
2595
1481
853
7069
6864
7443
9628
9175
8722
8349
8213
4942
4305
4221
3579
3227
2891
2844
2019
10070
7609
7421
7408
7199
5359
4460
2947
2852
2114
1572
1021
744
9694
8546
8309
8244
7735
2751
6101
8423
7014
5808
5169
4142
4004
3566
3279
2703
672
126
9862
9593
9538
9184
8325
7760
6786
5337
5069
4744
4724
4150
3507
2527
2282
1787
9335
8915
8767
8726
7324
8863
3850
1698
7109
9904
1930
7788
6706
6097
5971
5207
4638
4439
3606
3207
728
639
498
313
275
174
7284
6444
5680
5630
3923
3241
2888
2519
1615
965
407
209
105
8315
4219
8187
9833
9704
9456
7966
6357
6228
5353
4834
4628
3959
3486
2851
2423
1733
629
559
451
72
7057
4697
4005
3594
3363
1137
648
617
9495
8611
7868
7200
6245
1036
5406
4551
4387
3772
3580
3184
3032
1676
42
4563
3786
2813
2174
1993
1371
532
7740
6573
6512
5964
5497
3660
131
10218
9837
8708
8630
8414
8356
8234
7556
6044
5844
9821
5596
1004
8401
5777
4012
2572
1020
889
842
1083
1058
466
8875
8431
7242
7221
7161
6193
5554
5048
3431
1225
391
656
2863
1955
1280
855
468
290
60
9012
8460
9678
7727
7940
7854
5288
3741
3498
2464
1870
1016
9998
9873
7919
7367
6973
5443
5404
3590
2661
2156
1744
981
599
3127
2915
2508
2412
2384
2089
985
116
8996
8963
8385
10224
10219
7053
6599
5635
2716
679
6832
6746
6271
6263
4503
4124
4071
3117
1690
1190
585
10153
7814
7401
7374
7293
6140
5526
1245
8046
7755
5994
5780
5325
5279
5249
5136
6184
2475
3583
2531
2196
1484
713
8680
7937
7768
5011
4414
4121
3353
1463
10006
8794
7476
7202
6662
6281
6149
3866
2150
1925
1789
9653
9426
8324
7231
5088
4813
3691
1
6991
4884
4780
3111
10215
9805
9718
9461
9427
8096
8064
7845
6519
6349
6137
5456
5427
5357
2186
1038
9401
7611
5468
4513
3262
2668
8730
7743
5050
3116
3073
1474
960
439
8169
10093
8488
7074
6174
6023
5246
3007
2537
7689
6175
6117
4980
4324
2392
1971
529
9974
6710
4022
3483
3108
2701
2682
2613
2327
2325
1335
986
301
8484
8137
7654
7091
7913
9733
8162
8052
4126
6772
5511
5392
4170
3514
836
7490
5159
3345
5872
4189
2307
1123
838
8338
6398
5828
4446
2846
1970
635
448
10125
7143
4001
888
7
9596
8099
1266
3503
2923
7557
7343
6260
1045
9952
6187
5175
3671
2497
1009
397
286
3812
3551
3522
812
9318
8881
6383
6112
5869
4191
3110
2984
732
10181
9606
7449
6800
5703
5299
7548
4376
3293
3246
1237
952
582
195
58
9100
4055
2559
1781
1154
7295
4787
2845
1672
6373
6283
6770
3597
2644
350
6850
6608
5860
5858
3181
10155
8362
8212
7049
6568
890
5398
4681
6241
5977
3309
2441
112
9447
7796
7754
2568
2298
1360
9343
9204
7977
7168
2377
229
1762
4361
3212
2424
2144
1794
322
6905
6675
4765
3328
2479
774
5931
7292
1675
420
5960
1416
4524
4259
353
9055
8714
6313
5927
5774
3645
8107
5522
1095
8432
8201
6093
5133
4508
8651
8511
7767
7713
7563
6047
3690
3684
3587
2815
1894
1429
2779
10107
8752
8388
8353
7055
6804
5533
5221
1844
1800
839
7883
6206
8108
6944
5963
3620
3609
3468
9867
6633
6614
4257
1126
767
7963
4525
3614
1193
1089
6647
4269
2540
8065
2355
9717
1548
1428
1359
20
4264
3552
3502
3474
405
268
9897
8093
6058
5958
5506
2992
7530
6425
5194
4931
4205
2670
1940
161
7651
7224
6685
6370
5892
5826
5484
9293
6243
495
8163
4208
3549
9972
2596
9935
7042
3234
10225
4484
1920
1570
8648
8514
1497
10103
6736
5750
1468
9339
6881
5728
3510
814
9826
9166
4050
2599
1172
4311
1854
10211
7301
8571
6416
10214
9759
9276
8696
6773
6311
4803
9831
7239
5662
5500
5378
1408
9108
2069
7733
7015
3220
2453
4887
3249
7602
7223
1297
10001
9673
5656
5508
3584
1939
9499
8999
7586
450
6395
4477
3245
2529
2491
332
2157
806
441
6259
5650
3718
2880
1255
9746
9620
7851
7790
5764
8899
7347
6326
5924
5762
4556
4209
4182
1294
2253
2237
3930
1750
1623
571
10141
3849
2925
2297
10123
9893
7884
7118
6895
6049
1792
6246
4578
2179
1461
633
9078
4659
2001
1259
8771
8717
7001
5502
4930
4095
4070
1478
1466
9330
3838
1788
211
9835
7463
7229
5563
4837
3764
3931
2311
808
8510
7065
6419
4571
1459
443
264
4141
3865
3267
2579
3350
820
6978
6305
5358
2945
2255
2033
1430
1362
1265
6777
2872
9618
7269
6121
4159
3888
3720
3133
3030
1064
801
680
9069
8938
7482
6571
4079
3569
9898
7648
7278
4277
311
9300
8713
7792
5593
5576
4316
3593
56
9011
8600
9813
8861
8553
7298
9687
8397
9312
8728
7798
9147
8196
7931
7776
4401
2791
2748
2724
2686
8176
5240
4917
4830
4797
3547
3263
2048
1639
861
8000
7847
5875
5679
4573
1826
1355
171
9957
8729
8607
8289
7598
7561
6760
5237
687
8543
5142
4608
4476
3530
2610
2567
2154
592
9870
9118
7597
7152
7083
6841
6435
5682
5675
3473
2159
799
470
9715
8784
8757
8292
7201
6510
5056
3997
3952
3163
7794
7696
6426
4404
3121
2286
2094
9791
9197
8594
6594
6105
5925
5829
2894
9787
8582
7321
6229
6018
5837
5113
9438
7902
7119
10000
8483
8475
7507
4991
4840
6518
5928
5544
5256
5163
4033
3348
3176
3042
3024
366
5444
1253
9414
7601
6854
5274
1671
1432
1186
10198
8295
6588
6104
6019
4655
4531
1653
7877
6505
1041
394
9585
7607
5547
5054
4196
4152
2895
1531
845
9490
8202
7834
6171
3171
2219
1296
607
9005
7409
6502
5519
4714
4468
2614
2450
2240
1707
810
9408
8854
7495
8822
5982
7425
7127
6981
6045
3700
2995
615
303
10079
9543
8008
7957
7060
4767
4644
4036
3624
3291
2409
1684
1342
172
9123
7445
7096
6234
4970
4670
2432
2376
1165
3795
3789
141
9415
8872
5995
5975
4874
3096
1178
16
7342
7111
6847
5632
4866
4274
3535
2920
937
7494
5154
4092
2742
1845
7734
7694
7489
5835
5458
3990
2187
1436
514
8849
250
32
9411
9229
8727
7778
7297
6012
4162
1777
1511
328
10075
9218
9029
5362
4023
3892
3562
1784
1573
147
7719
7390
5696
3975
3766
3109
2725
2054
481
358
9382
457
9286
7770
7040
6139
5955
5600
4961
2898
1426
153
4
9004
8364
7732
7498
6409
6160
5823
4806
4544
3596
1887
1224
1027
743
5926
4507
4248
3716
3199
1199
848
9662
5241
4140
6779
6059
4082
3701
3440
3413
2854
2020
1141
1113
385
7708
7339
6239
5996
5168
2578
2236
1112
331
9530
8216
7916
4835
3065
2553
2047
1998
1143
841
778
10135
10009
9847
9120
9093
8917
8021
7457
6963
6176
5393
3883
3525
3292
2978
2536
1932
739
91
6743
6464
5939
5760
5661
5062
4626
4569
2998
2361
2066
8
7174
6537
6468
5621
6338
6133
9874
5131
4396
3793
3635
3573
2739
2607
2148
1439
837
570
8847
8605
8296
7256
4687
4485
3374
3289
1988
673
84
8913
8754
8369
8316
8240
8226
7571
7364
7164
2977
9209
5695
7031
6601
6004
5394
4740
4582
4058
2902
2136
2055
1656
1413
1285
1018
771
409
237
108
9844
9810
9566
9185
8919
8698
7989
7946
7181
6893
6170
5549
5334
7135
4861
4568
4380
3714
3600
3490
3182
2484
2359
2257
667
523
509
83
77
9785
9623
9443
9333
8936
7545
7369
7112
7039
6942
6814
6334
6005
5895
5873
5870
5667
5374
7218
6986
9553
5184
5157
4720
4586
4509
3647
2954
2502
2488
2289
2031
2011
1104
850
504
189
10222
10119
9709
9465
8755
8624
8203
8157
8153
8101
7470
7353
7217
7100
6634
1799
6557
6151
5898
5773
5681
5518
5487
5388
5223
4997
4906
4895
4855
4666
3980
3548
3534
3511
3063
2996
2566
2416
2363
2276
2111
1718
1163
919
915
870
858
711
620
129
74
68
10011
9949
9940
9521
9462
8955
8564
7766
7628
7603
7318
7046
6693
6654
6613
6249
5888
5877
5727
5715
5617
5609
5446
5192
5167
4560
4299
4131
3967
3953
3909
3910
10022
3750
3571
2932
2708
2632
2516
2083
1910
1804
924
531
482
146
69
10237
10158
10131
10038
9336
9217
9205
9153
9043
8673
7928
7535
6553
5806
4853
4683
4116
4103
6080
10117
9797
8619
8200
5779
9171
3492
3126
2807
2697
766
657
408
170
9365
9361
9334
9319
9090
8954
7712
7137
6623
6353
6070
5724
5575
5095
5005
4758
4211
3873
2790
2752
2546
1999
1935
1462
1203
731
714
179
9782
9750
9676
9522
8782
8734
8404
7932
7771
7252
7196
7089
7032
6957
6651
6226
6219
5929
5921
5601
5402
4748
4443
4351
4236
9410
2543
2292
2193
2056
1425
781
769
727
695
9939
9916
9299
9149
7718
7502
7027
6995
6479
5346
5083
5047
4473
3418
2095
2002
1959
9484
8978
8923
8041
8033
6522
5668
6267
8566
5377
4407
4359
3798
3504
3205
2717
1884
1529
1228
596
516
4532
4465
4256
3916
3761
2044
1876
967
477
9356
9079
8576
8551
7317
7172
6934
6679
6477
6038
4528
4047
2354
2322
2224
1827
1449
1234
9582
9014
9006
8942
7251
5504
5261
5224
4462
4459
3759
3545
2826
2783
2525
1852
1376
1037
623
9525
8832
7501
7419
6497
6000
5464
5313
9636
9172
9073
4403
3495
2433
2183
1987
652
9412
9359
9307
9251
8787
8747
8368
7826
7488
7447
6756
5676
3939
3196
3190
2890
2771
2548
9767
9640
8905
8878
8598
7210
4738
4567
3307
3303
3123
2666
2500
1947
490
249
9792
8596
7633
6901
6320
4719
4689
3173
1972
1394
892
362
200
8264
7002
6318
5705
4369
4188
3506
3138
1850
1195
9031
8991
7835
7699
7615
7973
6788
3855
3722
3305
1722
9996
9592
7860
7855
7177
7054
6513
6346
5116
4562
3476
2101
1829
4653
3762
3617
3421
3347
2243
1916
1191
396
387
320
10154
6966
5283
7394
7208
5100
9882
9129
8246
7578
6899
6811
5980
5132
5057
4523
4111
3972
3134
3089
1242
9577
8820
8555
7664
6810
4584
3143
2336
542
63
9886
9684
9632
8363
2601
2523
5124
6473
8282
7569
3895
2618
2123
6684
5839
4622
2672
2220
1855
1326
1313
1258
1144
330
9452
8813
8676
8585
7213
7131
5636
5599
5557
4215
2597
2227
2119
1734
1383
224
1693
381
9354
8660
8024
7774
4504
4292
3644
3295
3148
2994
2544
2530
1406
7974
7839
6869
6761
5190
5182
3515
2951
2557
1588
120
9773
9409
9268
8779
8370
9680
9802
8103
7818
9562
8984
8348
7305
6335
5840
5389
3543
3228
2443
2259
1003
291
9051
7375
5540
4699
3178
2501
2420
2353
1825
1765
442
9804
7240
6460
6251
4357
4204
1997
2346
5477
5400
10188
9887
914
455
8590
8259
5251
4631
4580
3244
2785
2749
8816
8497
7993
5615
4373
1218
204
9028
8082
7515
6809
5375
5151
5137
4232
949
10213
7935
7266
6793
4595
2364
1458
9969
9649
8897
8496
7573
7101
6997
5725
4875
4081
4025
3816
2821
1886
1712
9008
6526
5948
5336
4161
3540
2455
1659
9258
6507
6273
4676
3041
10161
9925
2330
10236
9743
9695
9061
7564
7311
7270
5340
8506
7034
5455
4298
2917
6363
5160
4952
3713
3377
8462
8071
6230
5859
5794
5238
5033
3731
9894
9581
9357
9075
5807
1877
1494
1121
1350
9434
6424
6366
5798
3650
1861
34
7491
7387
4251
3643
3198
2344
1958
192
10204
9489
9275
9242
8326
8063
7988
6922
6697
6401
5967
5435
5098
2836
2603
907
372
6492
10138
266
10199
9896
9249
8359
8072
7623
7451
4449
3622
3242
1606
947
733
9145
8479
6372
6046
2360
1985
318
295
9399
8634
8418
7836
7591
6698
6295
6075
5893
5694
3783
4547
2762
2660
8442
7736
6714
5572
5144
4239
3805
351
9576
9328
5333
5079
3505
3239
3192
7058
7023
6337
5962
4962
3715
2835
2538
2515
2162
2161
655
9519
9508
9173
3861
8320
9384
7350
5323
3189
2654
796
501
9820
9686
9193
8723
8020
5123
3634
871
10209
10193
7325
5304
4774
2809
8341
5790
5242
4920
4703
3993
2391
2118
1539
1599
7795
9761
9481
4812
3748
9027
8973
7236
4302
2784
2188
1843
1589
1556
1344
1305
8993
8818
6549
5555
5405
1952
1674
9675
7801
7662
5899
4471
2957
2362
8609
8409
6535
6096
5945
6102
1246
5752
3383
768
6801
2770
2104
7741
5421
4984
2711
2598
10179
9642
9298
7838
6994
5397
4863
4672
2681
2669
2149
2081
8225
7893
6351
4240
3154
2713
2561
9784
9247
9529
8371
7539
7454
6463
4320
2103
2096
677
225
9342
9030
4822
4422
564
272
7629
6485
2492
8961
6186
3351
2512
10149
6900
6868
5906
5208
5091
3046
2264
2170
1398
9272
8333
7506
7432
5883
1786
8654
4286
36
8039
6222
4907
3481
9074
6521
6172
5853
5153
3301
2036
467
794
7310
7022
6849
5791
4939
4450
2737
1839
1592
8290
8130
6550
5232
9186
1026
882
5264
3831
1704
9999
6831
6806
5293
4777
47
10115
8577
7306
6993
4482
3598
3299
3217
2874
2635
2427
1107
9729
9262
5558
1284
722
10150
8907
8739
7361
6781
6523
6212
961
5976
379
8156
4480
4423
4086
3029
502
300
8877
8297
8036
5507
7953
5698
5318
5270
4764
3612
3426
2352
1558
8966
8670
8268
5514
5454
4663
3781
3355
6898
9134
3699
5653
4099
1217
9231
1304
8539
5590
3911
205
8781
5936
5183
4791
4429
1485
1008
8675
8160
7543
6124
5684
3362
3272
2811
568
460
1658
5754
4187
9852
7533
7462
10052
10085
4018
3415
1079
6056
4770
4199
2738
1419
874
188
8808
4987
3919
10111
9536
5959
5465
4378
3964
2046
510
6081
5401
474
9832
4911
3680
3393
2921
2247
7580
5080
7595
9625
6821
1435
154
6824
6142
5730
4007
1677
3270
9608
7731
4455
2435
1249
1241
6937
3278
1455
765
472
10137
4682
2461
1182
904
7870
3088
8892
6484
6090
5765
5648
6323
8741
6591
3745
4415
3043
1286
1114
503
38
5591
3298
2824
368
10210
9435
4478
9910
9633
5191
3940
3656
2408
661
9255
6913
6194
2499
6668
6494
6021
5372
578
252
1352
4588
4217
8983
4494
1601
50
8481
9458
6791
6570
5942
4521
10042
9341
7029
4397
4089
710
8828
8248
7050
3730
3119
2386
1598
1551
9871
8811
6739
4976
4452
603
515
3746
9280
6405
5273
997
903
8208
4646
226
8277
7509
7147
6559
5985
5856
4903
1122
6875
3499
2335
2195
577
10192
3297
9542
7831
7366
4358
4332
3668
4541
4518
4164
3689
3361
3306
3274
2585
1860
1771
9672
8857
8617
4896
4820
4346
3885
1527
355
10220
9364
8712
7643
7184
3777
3757
8192
6704
6397
5213
4224
2511
1082
57
8603
7030
5553
5295
7267
9888
9200
8677
7820
7076
4325
3932
3509
1691
746
22
4804
3386
1679
9277
7180
2643
1324
9454
9126
8291
6955
6874
5195
4960
4013
7464
5886
3670
2959
10227
9400
9326
6925
8412
7587
1339
9471
8888
7198
4786
3052
1334
634
280
2106
1901
1039
5867
5493
4935
4501
3926
3009
2152
1574
1117
9116
7099
6365
6180
5023
4520
4342
4074
2429
2175
8254
10228
8852
3984
3729
3175
631
548
9970
7322
5004
2981
1990
9583
9158
6192
5012
4953
2577
2051
720
10194
9877
8821
4692
3934
2383
9451
8773
5749
5366
4371
1331
9308
8592
7671
7327
6936
6225
6034
4999
4243
4057
1647
719
8657
8602
6584
1475
436
8715
8552
8122
4948
2913
2684
1774
308
9827
8422
6111
2831
1649
750
632
561
545
9901
8112
8189
6590
4602
3316
1806
1252
9728
9240
8809
8777
8765
8545
8089
6638
4865
1742
1702
9003
8824
8032
4612
2965
1208
840
9960
9924
8591
4781
4680
4627
10157
9965
8134
7120
6013
5665
4433
2985
1505
1256
265
9514
3526
2215
7565
6639
4715
4497
3904
3405
1831
1288
834
144
9537
9279
8979
8285
8038
7354
6488
5671
3808
2907
2734
2029
930
9533
9422
9470
9245
7116
6935
4869
4392
4040
2648
2306
228
9690
6939
6838
6388
5709
3659
685
14
9696
8109
7777
6817
6747
5997
5862
5833
4978
4685
1822
1017
753
9203
4002
7882
8428
6989
5583
4957
4522
867
500
254
9601
8687
8470
7772
6215
5368
5367
5345
5201
4989
4144
3974
2774
1802
1710
1433
433
9987
9449
8355
6894
5534
4648
4630
1545
699
9305
8622
8441
8003
5448
5248
4280
3273
3169
2897
2797
2210
2030
1456
560
10098
9261
9110
8453
6244
5645
5093
4596
4056
2883
1900
1565
190
10162
9232
9207
8896
8653
8074
9395
8340
8492
8228
5180
4923
3868
2005
364
9502
8334
7434
7326
6716
4845
4572
2207
2073
2072
614
93
7222
6976
6500
4807
3881
3842
3709
2141
2034
1809
1219
572
284
7784
7035
6527
5843
5628
5161
4046
3947
3669
2620
2589
1759
1387
9591
8806
8312
7670
6767
6062
5723
5077
5046
3610
3194
2481
1918
1641
1267
7872
6487
5654
5569
4598
3664
3264
1605
1115
989
724
702
9738
8901
8772
8695
7899
7392
6683
6287
6076
5855
4783
3357
3204
2727
2295
2216
2185
2135
1842
1434
106
9284
9042
8990
8874
8740
1848
8544
8447
7939
7915
7316
6727
6301
5884
5252
3958
3435
3372
1911
1824
1791
1457
899
849
589
325
9975
9289
8529
8195
7865
5865
5830
5664
5384
5149
5014
4737
2764
2068
1770
1168
562
212
197
10090
9685
9477
8898
8893
8532
8380
8051
8022
7799
7683
7626
6593
6109
5255
4339
3788
3653
3439
2679
2402
2320
2246
1678
1492
10026
9547
9479
7804
8835
8796
8669
8623
8513
8494
8493
8461
8102
7619
6798
5320
5181
4802
4430
3325
2726
2602
2465
1318
1159
1068
701
406
294
10195
9989
9931
8720
8520
7249
7185
7081
7086
3366
600
6491
6445
6223
5687
5447
5284
5075
4317
3851
3544
3216
3081
2131
1909
1486
1453
1388
1012
984
389
315
9368
9288
9236
8956
8031
7166
7114
6956
6929
6640
10086
10021
9692
9265
6232
5556
4621
4431
3797
3380
2121
1907
1618
1263
1248
1118
1056
897
821
85
10051
9338
8632
8593
8575
8512
8393
8384
7129
6423
5683
4702
4386
4354
6744
4303
3458
3428
2637
2451
2146
1660
649
8023
7678
7512
7204
6879
6421
6358
6027
5984
2948
2478
2166
1957
1385
1232
1007
9565
9063
8489
8440
6481
6177
3630
3059
2743
682
2317
2203
1593
1446
1424
1276
359
9624
8977
7921
7499
5737
5386
5373
4383
4272
3979
1875
1801
762
10132
10056
9997
8149
8140
7867
7275
6918
5904
4241
2986
2482
1969
10062
1142
456
9707
8980
8682
8250
6931
6844
6755
6391
4636
1856
1603
1358
9849
7581
7146
6294
5842
5740
5202
3807
3728
1609
638
9644
8659
6845
6816
4662
4014
3776
3146
2490
2418
2329
2258
2230
8505
8030
7546
5812
5479
4842
3195
2759
2419
2173
1727
9578
9225
8305
7037
6701
6011
5691
4381
4151
3867
1584
9861
9823
8761
7540
7314
5476
3053
2810
2560
2229
901
715
384
9569
9295
8587
4838
3946
1299
8150
7841
9968
9879
9587
9413
9292
8579
8457
8106
6938
6802
6723
5204
3419
2087
2061
2025
1501
864
9613
9136
7955
8360
6236
5538
4945
4343
2830
2370
1315
445
48
5836
5090
3354
2896
1983
1868
1863
1562
9237
8738
8025
6897
6414
6208
3193
2892
2462
2057
1392
1300
10045
9498
9390
3137
40
7525
6836
4921
3675
663
9531
9392
7739
6443
5803
4639
4237
3698
3438
3028
2190
1880
10169
10096
7895
6280
5699
4096
2140
1737
876
696
9141
7478
7136
6508
1470
8078
7840
4198
3016
2498
9114
6950
6514
5022
3927
3337
1706
975
707
537
9641
9469
8958
8079
7726
6709
6344
5616
4667
3057
3048
1628
1346
459
8894
7383
7106
5480
4052
2647
2371
1937
8823
6099
4839
4710
4575
3586
3529
1758
1472
1215
959
8434
7219
6965
6091
5383
4829
4688
4297
2284
10059
9466
6941
6411
5745
5574
5147
5016
4517
4457
3922
6458
3682
3153
2971
2313
9442
7360
7084
6254
5263
4410
4113
2887
979
492
10078
8446
6083
5467
375
9323
8815
8116
6024
5961
5199
5027
2837
2663
2611
2014
1766
7970
6476
5949
3554
3349
1279
461
10120
9799
9379
9349
5114
2125
176
10164
9344
7469
4098
2388
1741
513
8948
8394
8231
6657
6621
6032
5307
5063
5001
4848
3651
980
8718
8663
8638
9296
6678
4557
3280
2442
2378
2080
9812
9790
8013
7063
4543
4097
3083
1975
1404
8563
8375
6796
6713
5321
4658
756
64
7669
7606
6544
5857
5731
4790
4756
2021
1979
1961
1761
1550
1513
637
601
8842
8171
7844
7757
7424
5758
5330
3618
3040
2198
7853
5532
2466
1636
9548
9089
3712
2269
670
6597
2760
6316
4535
3379
2693
1491
10207
9719
9568
5453
5361
4120
1981
317
9324
8962
6532
3848
1934
431
398
8313
6393
3811
2248
2226
2049
8321
7568
6830
6758
6408
4736
4645
4118
1885
8337
6007
1410
102
8775
8274
4419
6282
5141
5707
1379
1332
279
9909
7878
7616
7338
6624
2792
2318
1974
1657
8185
7045
5521
3655
2421
1796
1162
4642
4428
2405
423
45
9448
9329
5891
1756
1192
9992
1924
6379
1780
8639
7996
5025
4347
1062
8351
4993
7105
7093
6188
5882
4947
2177
9967
9463
7700
4805
4725
3411
3026
886
817
7182
6861
6592
963
935
9819
9457
8327
4379
1102
4495
3556
478
9668
9444
9053
7621
2038
7554
6719
6098
6052
4130
1465
7041
9151
6434
5260
5128
4894
4843
4769
4006
3591
3314
2933
2910
2231
8480
8138
7141
4412
4135
3334
2939
163
8133
6454
4926
4821
3387
3365
9504
7744
7393
5689
3296
8764
5847
2495
908
590
3832
2076
1563
6825
4943
4114
3250
1779
988
9195
7560
6896
6530
4186
3142
8178
5797
7416
3238
3151
891
9370
8859
7291
3978
925
9214
6312
2718
2169
6265
4768
2303
1719
1633
7244
5032
4279
2975
1220
1174
688
645
9353
7003
6715
4255
3373
2365
281
6233
6173
2091
10060
9213
8435
7016
4440
4427
609
5565
5015
4391
3381
2251
7975
7087
3652
117
7117
6837
5861
4754
2658
305
9347
7866
5459
2086
1533
51
6669
9246
8683
9544
8207
5482
3537
2333
9798
8280
6690
4537
1973
1504
9667
8249
7967
6575
5965
5425
1029
118
70
9555
9048
6088
5639
4656
1100
764
9828
8161
4285
3631
5539
5277
4955
4268
3021
2983
2223
1302
9594
6656
6237
5900
1442
9912
5173
2299
10025
7614
4674
2134
9627
9097
8286
7634
6292
5582
3257
2623
5233
2893
2665
8868
6543
4784
3385
884
9928
9142
8950
8317
2723
798
691
155
9993
9017
4441
3877
3078
1106
2583
1503
1034
554
7352
1696
1498
779
239
8903
6146
5813
5177
761
8876
8586
7637
7328
6932
6238
4260
9169
636
9961
8701
8608
8269
7911
5973
5852
2866
1566
8220
5463
3819
3743
939
9146
7133
9985
8931
6470
6072
4594
3887
1807
1685
1382
1320
7472
6501
4244
10048
6427
1728
7702
2881
127
8139
7220
2973
951
9760
8855
8336
6545
4876
3755
2814
2653
1996
4550
3229
9677
6333
5462
4775
3288
2805
1745
9973
9511
9253
9117
3470
2155
1291
9683
9446
6119
5262
3214
3036
2467
1281
6782
6759
2474
9291
8098
4891
4603
4409
3935
3918
1701
1065
10002
8679
8392
8057
7789
7467
5266
2840
2263
1735
9933
9036
6870
6839
6632
6490
5785
4566
4283
2180
619
337
9963
9903
5531
5245
4979
4034
883
10146
9281
8558
2884
2532
2059
9679
7559
7365
4389
1546
9278
8785
5018
4934
4194
4132
2730
2274
9311
4249
1306
10073
7887
7437
7349
6979
4234
2856
2194
2116
10126
6314
6306
4179
3516
1329
9809
8841
8686
8465
8459
8121
7570
7414
7130
4027
3697
2651
9889
9806
8154
7283
5966
3494
2447
2208
931
8035
6496
1575
1177
1150
549
10015
9564
8567
7048
6882
6551
5387
5297
5217
4442
7894
6619
5979
3702
3604
3443
3318
3524
541
9507
8165
6585
4940
4938
4530
9397
7371
4308
3717
3658
3342
8860
8319
5034
4542
3782
3767
3555
3455
9269
7103
4864
1964
583
9959
8672
7914
7422
6441
6257
5485
3427
3055
10102
10074
9526
9018
8982
8756
8700
7479
6729
5937
5841
3407
1069
9345
8814
8276
7078
6975
5324
4153
1841
1753
10104
9115
8987
8945
8884
8846
8838
8709
3087
2832
2422
1578
10133
8347
7763
7429
7226
2050
7816
7786
4350
1846
8774
846
546
9737
9433
8736
8658
8242
6402
5991
5735
5570
4633
4163
4020
3925
1295
1268
9824
9420
8873
8458
7961
4818
4400
3639
3008
2281
942
10231
9914
8649
8011
7123
5051
2142
10100
9851
7764
7423
1933
1386
377
6700
4966
4068
4044
574
233
9895
9046
8303
8261
6609
6242
5659
5597
5230
2960
2646
956
6887
5193
4901
9234
8725
3685
1314
417
4227
2309
2302
1554
1553
1375
830
694
11
10176
9651
8255
8126
7235
6579
5478
4972
3005
2833
2803
2182
1891
1821
1152
1146
1076
517
121
9070
9066
7917
7890
6396
6369
6041
2547
10234
10010
9716
9647
8743
8685
8070
7737
7585
7104
5078
2802
2261
1227
943
414
10202
10170
9611
9938
9450
7822
7527
6667
5805
5278
4597
4319
3880
3450
2524
2191
1903
1532
10136
10054
9900
9137
7949
7162
5214
5112
3097
898
725
10008
9396
8851
8436
8376
6355
6008
4852
4690
4555
4498
2750
2007
1260
566
9106
9493
8788
8499
8222
7655
7450
7296
7094
6851
6676
6498
5876
5407
4488
3371
2323
1264
319
41
10114
9876
9752
9428
9080
8628
7746
7681
7661
7566
6852
6768
6412
5940
5426
5424
5226
5008
4992
4800
4059
3943
3102
2675
2321
1688
1422
1312
435
9771
9227
9139
9111
9077
8916
8845
8732
8523
7558
6576
6392
6390
5171
5010
4913
4375
4171
3389
2692
10094
9705
8731
2085
1949
528
9770
9380
9056
9021
8891
8526
8322
8186
7806
6890
4701
3955
3878
3857
2860
2782
2656
2509
2328
705
591
9381
8758
8746
7704
7010
5625
2741
2039
1991
1325
489
218
9274
7815
7068
5819
5606
4964
4337
3970
3853
3092
2795
2689
1892
1645
1105
156
9416
9131
8578
7716
7668
7627
5657
5381
5009
3901
3871
3846
2969
8525
2369
2008
1953
1931
1189
621
10200
9670
8062
7665
5269
5002
4888
4315
3995
3629
3429
2430
2202
1415
928
10127
9899
9786
8940
8668
8043
7829
7547
7411
7388
6319
5350
4200
4168
1096
818
79
6641
5916
4110
3936
3375
3338
1480
563
2889
4823
4643
2042
658
140
9119
8929
8270
7179
8656
8501
7315
6103
5052
4173
3147
2097
1620
7206
6331
9698
5663
4793
2023
2004
1941
1862
556
465
10071
8655
8329
6509
6253
5605
5354
5152
2457
1547
149
9977
9378
7331
4870
3628
2879
1116
182
75
10049
7982
7435
7271
6682
8158
6144
3023
1363
10129
10031
4753
9976
7370
6829
5809
5414
4647
4318
2588
9983
9423
7653
6252
5946
5197
1032
835
7944
7504
6985
5801
5559
5524
5006
3436
1577
7020
4660
4112
1569
1542
9052
4564
1908
1515
825
721
46
5564
5298
5118
5117
4893
2855
1667
7642
6720
6350
5065
2197
996
859
9001
7805
5403
2695
1695
1097
9407
8180
7647
7555
7246
6945
6853
6649
6082
5103
4032
2719
2628
5610
4904
4254
2768
1330
360
10099
8350
8204
7810
7583
7304
5732
5584
8456
4824
3567
2630
2217
6290
4732
1754
4370
4087
3828
3517
2507
712
230
6877
4388
3999
9950
9706
5804
2944
9764
8173
7950
5915
5410
4458
811
8559
7396
6003
5470
4708
4615
1336
1134
111
73
9224
8015
4910
2275
169
10238
9908
9221
7821
6943
4038
3915
3091
1576
1384
1184
1139
1049
9740
9302
2398
8971
8314
4757
2769
2022
1853
1160
8061
7459
4583
2477
321
244
9551
8218
6400
6380
4831
3790
3496
2904
1521
8737
7192
6342
4908
4426
4233
4133
2517
9942
4990
1490
1001
10016
9057
8759
8652
4202
2410
1400
8055
6461
3197
1519
708
493
10223
9923
8871
4122
2395
1402
10152
1469
918
373
96
8019
6872
4867
4222
2820
2112
647
9418
4847
3231
567
462
6660
4749
2842
800
370
9181
7753
6533
3872
4604
2956
1479
9732
6652
5129
3152
1412
10205
8534
7281
7230
1196
9513
3099
2476
475
9772
8830
7679
7025
6261
5956
5525
5371
5148
1904
1795
8267
6948
6681
4322
4045
2773
2667
2460
9720
8164
4836
3585
1890
1243
9713
9478
6202
6074
5225
4300
3208
3128
1708
9589
7675
7666
5440
2674
2417
8565
5419
4857
1755
261
9816
7160
6606
5641
5344
5061
1632
3678
9076
5669
4393
3837
706
9664
7363
6578
9503
7238
5143
730
8554
3266
2962
2305
7610
6315
5986
3321
3071
955
940
9222
7590
6962
535
9762
9660
7549
5509
7528
7466
3638
3581
6661
5704
5499
4712
3236
9081
7833
7250
1646
9811
8191
5528
5512
3752
1938
9629
6618
6138
3248
3164
2949
8281
4310
2109
1366
700
8262
6672
3769
2153
9071
6325
5092
4801
896
388
10020
3402
3106
2100
1014
9187
7261
6262
5721
4664
3085
2793
763
9652
9483
8678
8283
6876
1549
718
676
9699
9372
5219
4986
4677
2839
2676
1198
3869
2652
2285
1292
790
5364
5099
2702
1627
1460
7493
6600
3015
2694
1364
7376
7036
6880
5688
1010
270
5613
920
8508
6552
6439
5640
3129
2903
1739
9573
6322
2425
6751
5185
2345
1067
868
7153
6368
5933
5755
9475
5066
4975
1945
1278
9026
7811
6304
4810
3987
9487
9165
7552
7348
5119
1874
1483
219
9019
6375
5031
4306
2886
8985
7636
3986
3319
2218
1328
1197
9352
9121
7849
2624
9550
9350
6748
6057
4933
4088
3747
3044
1686
9803
9639
8399
7640
7193
6783
6750
4704
1716
393
3
9793
8952
7542
4486
2287
1810
512
231
8343
8271
6340
4912
2233
520
136
9781
7500
4798
3780
3315
3010
152
8889
8050
7357
7344
6415
6122
4982
1226
296
10144
10091
9376
8667
7209
6843
6503
6127
2340
3681
2380
8118
6141
6060
4356
3834
2293
1087
7924
7274
1487
1361
927
217
8076
5660
4879
969
8155
7998
6883
6867
5449
4060
1926
1354
8413
6703
6299
6275
5713
4294
4231
3917
3191
246
9800
8937
7588
7403
6834
6725
4402
3589
3570
2626
1322
802
283
8519
5618
2761
1179
826
10173
8643
7656
7448
5566
4851
4352
4137
3977
3833
3461
7728
7709
7481
7412
2381
2124
242
8706
8346
6982
6741
5475
5106
4944
2828
2012
9850
9248
8588
7303
6911
6195
5757
4819
3806
1805
8661
7848
6066
4295
3582
1978
173
167
37
7889
4581
3268
3094
2786
2206
2000
241
160
6820
5614
4212
3358
1508
1396
1002
9635
9144
9138
7873
6165
6065
5021
2326
1441
8536
8444
8335
5428
5352
4684
4416
3876
2677
1889
1348
473
9714
9301
8887
6471
4590
4048
944
938
98
9919
8770
8495
8477
7971
7936
7289
7150
6917
6036
4925
4000
2926
900
813
738
10110
6952
5989
5053
4470
4267
4053
3982
3539
3401
2976
2271
1968
530
8219
7880
7460
4042
2765
2645
2434
9626
9211
8034
7605
7405
6541
5567
5466
2916
1725
1349
1171
128
8410
7756
7721
6947
3856
3485
1896
1537
1093
1046
527
130
10067
9254
7751
7378
6846
5742
4973
4493
2358
269
3406
3391
3203
2729
2115
9777
8273
8253
7384
7151
6949
5894
4651
3736
3177
2349
2013
1493
1233
1135
487
276
9751
9059
7929
7005
6860
6531
4629
4155
3996
3632
3074
2857
2445
1928
1793
581
10196
9936
9597
9091
8953
8278
7952
7907
7132
6946
6451
5957
5542
5055
5003
4526
2367
1859
1687
1006
847
288
87
10203
9863
9681
8933
8573
8318
8068
7830
6884
6776
6721
6200
5646
5104
4600
4218
3064
2900
2772
2600
2551
2265
1161
1136
59
9669
9619
9518
8689
8257
8117
8053
8001
6951
5084
4062
3686
2745
1840
1782
124
39
9534
8067
7898
4652
4064
3491
3341
3056
1951
1372
749
139
53
9657
9104
7373
7108
6735
4902
3774
3550
3172
1289
97
10145
9907
8964
7524
7518
7452
7195
6564
6374
5747
5452
4665
3667
3445
2480
1275
877
9563
9520
8699
8128
6037
5729
5007
4128
2555
2176
1035
716
9739
9500
9297
8568
7900
5746
4700
3201
1743
17
8789
8182
6106
5536
4983
3058
2431
1752
1155
932
9163
8110
7682
5125
4841
4010
3733
2909
1982
335
334
8829
7345
7214
6728
6116
3991
1785
745
10229
10208
9285
7904
5312
5311
4878
4673
4138
4107
3784
1915
10189
9509
8790
8606
5343
998
9766
9567
9351
8848
7582
7471
5546
4928
4165
2961
2930
2929
894
627
508
9156
8085
5634
5140
3839
3360
869
9801
9579
8430
7312
6954
6114
6113
5437
5026
3565
1060
158
49
8895
8366
8230
8009
6964
6506
5993
5527
1277
678
245
9920
7277
6605
5176
1025
8131
3159
3156
2882
2382
1881
227
184
33
25
10168
7227
5436
4771
4750
1473
1166
536
9160
7254
5838
4157
3960
3384
1871
650
544
7673
6218
5501
2763
1992
1488
1418
1088
10186
7930
7807
7126
1625
437
9049
7018
6826
5672
4871
3625
9892
8374
7951
6813
3501
344
262
9817
9558
8716
6790
6125
6085
4467
2262
1399
1185
143
9840
6185
3442
1778
8629
6406
5622
2522
1709
1130
754
5834
2558
86
8562
8381
5766
3768
2905
2045
1963
555
9179
9244
8636
6857
6848
6129
4220
4207
2337
10014
8448
8058
6278
5231
4394
4178
7273
6495
2138
1301
9346
2642
671
668
9387
8721
8424
7947
7896
7456
7247
6534
4348
206
9549
2581
1751
8879
6855
6731
5923
5390
3913
122
9403
8357
5105
3523
2627
9199
6168
6150
5135
5039
3843
3333
1927
1390
9944
9697
6863
6155
5914
5560
4937
4167
3035
4505
4451
3770
2009
1454
10072
5585
4799
3114
2822
2592
5930
4915
4730
3998
3646
2818
2308
1438
8760
8490
8236
6324
4788
2767
1323
181
7436
2113
1120
9556
7340
6214
5074
4119
3265
1873
552
5198
4609
9327
8258
7927
6970
6209
5247
4203
1407
9978
7538
4900
2549
533
9918
9159
8205
7431
9881
2735
2564
8705
7427
7148
4723
3339
2722
8260
7775
6873
6063
5818
8300
8066
7693
7497
6792
5866
5486
4565
4333
10134
2612
222
9954
9383
8245
6823
6382
6189
5535
4399
4166
3882
1590
557
8471
5776
1085
1059
8797
7307
6386
6107
3791
392
5595
4649
8256
7903
6224
5314
5209
4029
2766
2562
9429
8904
6827
6525
4606
751
686
8387
7879
6422
1019
8472
8141
7645
5702
5059
2987
1813
1662
1063
357
31
10089
8975
7933
5708
1518
683
9294
6040
3949
3258
2989
7635
6835
3179
2032
7942
7397
5998
4344
3961
3224
7827
6073
4969
4499
3215
740
9150
5206
6648
4206
2099
1888
9883
9009
6240
4761
7717
4372
3260
2591
1919
6999
5896
5788
1714
784
757
488
92
9309
5460
4601
3356
3233
1738
1389
240
9337
6569
9994
8844
7983
6420
4859
4466
4425
3103
2712
1552
10097
9263
8090
7520
5294
595
8087
6659
6433
4731
1308
7852
7335
5347
4331
3433
2315
1030
499
9554
8625
7056
5594
3983
3854
9194
7398
6699
5322
3822
297
9865
9362
8934
5019
1879
1580
386
8097
7486
6354
5716
4085
1149
7691
4951
4365
3574
2850
9646
6686
6580
4288
3069
1740
1612
9515
8048
5275
3313
2870
1319
995
662
9612
8750
8633
8301
6291
5395
3785
1254
1183
1033
324
287
9637
9233
6980
4576
4076
3705
3437
2414
2084
1057
220
8795
7391
6016
4760
4417
3218
1448
8323
8211
7638
6528
6367
6095
5796
5408
4184
3875
1638
1414
1235
9235
9208
9189
8947
8152
6717
5041
2316
773
243
78
10212
9425
9095
6220
6154
4711
4475
3771
3230
3067
863
759
8745
8411
8237
7632
7402
6912
6134
5901
4616
4329
3906
3862
3704
3414
2621
1960
1732
1648
1091
805
10069
9830
9807
8294
6332
6255
6030
5905
5824
4527
4515
3693
3601
3398
3352
2709
2396
2338
2214
1476
1206
698
10226
8614
8272
8086
5666
5413
5250
4193
3695
3370
3012
2979
2130
2040
1654
1555
1525
1338
982
210
8621
8345
8183
7958
7572
6394
6157
5603
5146
1129
783
371
354
9358
9257
9125
8735
7008
6603
6014
5919
5733
5581
4846
4148
3863
4326
3657
2970
1591
1357
1347
1212
347
273
216
8926
8620
8288
8005
7004
6378
5220
5115
4266
2980
1833
1631
1202
827
8136
3840
3310
3285
1377
100
10130
9614
8802
7972
7926
7473
6611
6516
4437
3343
2710
2655
2165
674
8597
7714
7399
6025
5602
5351
3025
2812
2705
1942
1769
1221
9648
8115
7026
6554
5363
4421
3739
10182
9472
7962
5348
5317
2755
4592
4561
3852
2200
2067
6438
4705
3557
3281
2728
9986
8561
7779
6457
6279
5339
4229
2740
2232
1837
1585
977
816
770
9622
9152
8229
8168
6288
5817
3942
3723
2746
2332
1431
1158
8028
7875
7382
7187
7079
6904
4967
3891
3200
8922
8500
6865
6622
6181
3951
2063
692
8836
8801
8403
8266
4579
2608
9988
9930
8581
7624
7514
7428
6118
5736
4796
2075
755
9778
8124
7279
4374
4252
4003
3821
3400
809
547
10165
10151
10122
8584
7532
4214
2252
8618
7594
4776
1834
7225
7165
6410
5769
5445
519
8939
7551
4974
4413
10187
10163
5442
2454
1204
333
9132
9107
8692
8547
7617
7052
3125
1356
9645
9391
7891
6596
6158
6022
5108
9984
5781
5631
4238
3452
10
7183
6892
3744
2505
1736
1214
9731
8467
8443
7444
3174
2721
9228
6143
5821
3484
3000
10109
1496
110
8780
7710
7534
6732
6615
8870
7954
5611
4307
4290
2862
9402
8882
3956
2483
2126
1108
804
524
374
6774
5087
4873
4201
329
7468
5854
10057
7155
7124
5438
352
9037
8235
6923
3605
2357
2163
348
166
7980
5970
4549
2885
1471
307
9665
9505
6459
5743
1858
2268
2221
1440
7703
3847
2088
9386
7233
3261
2868
1775
9310
8084
7562
5920
3899
2906
9212
8826
8275
6587
5227
4965
1451
8466
8454
7189
7071
6307
5259
5024
4815
4694
9210
8533
5552
1611
9432
8073
7981
4785
2942
9270
8799
6889
6166
4015
3787
1989
832
9058
6702
5327
4909
3896
3792
934
9711
6598
6161
5944
5626
3687
3448
2999
1776
1145
913
8866
5909
2931
260
8198
7863
7282
6511
6297
4472
2788
2413
2407
1094
905
10171
7430
6620
6198
4420
1634
950
613
9745
9688
7984
3683
3320
3033
1893
1015
342
258
9602
8209
7783
6589
5139
4262
4136
3753
1031
8834
6815
6010
5592
5254
3394
2017
987
10128
8450
8342
8006
7906
7207
6984
4483
4456
4314
4270
4213
3708
2664
9964
9170
8974
7406
6627
5541
5422
5412
2312
2235
1994
734
10039
9776
9510
8464
7483
5953
5548
4981
4850
4192
3560
3006
1976
1797
828
9348
9174
7791
5612
3801
3131
2439
933
729
9723
9092
9010
8908
6572
3595
3367
3140
2789
2586
1640
1595
1543
400
8010
7599
6330
5722
5647
3613
3344
9474
7631
5880
3130
2691
1293
829
9857
9488
9322
7028
6429
5637
4954
3531
3275
3149
1098
6910
6442
1201
618
7385
5102
4127
3726
1655
9539
8981
7334
7190
7144
6902
6828
6687
4862
653
6536
5430
3592
9393
8959
6740
5127
4540
2470
1401
3226
3039
630
10027
8330
8224
6859
1621
9981
5058
4877
906
4115
2406
1817
9590
8014
5879
5432
3441
8379
7630
6087
2671
605
9725
7337
5038
4854
3222
2685
2356
911
5379
962
689
10221
9243
7503
6020
9839
3075
232
7850
7808
6822
6258
5685
5172
1895
7695
7167
6469
4519
2858
7969
3276
2280
235
208
6336
5457
4104
1180
10076
9467
8976
8833
5987
5726
4614
4228
690
8626
8125
7107
7033
3561
2678
432
8104
7379
7011
1240
426
8190
7544
5292
2387
625
236
4411
3898
1665
285
8932
5607
4996
3779
3430
1650
194
9615
9437
7846
7620
7596
6775
6607
6094
6078
4156
3364
2471
2310
2272
2256
8865
8145
6927
6833
5338
4617
4019
3920
3760
2843
1808
1540
1247
974
717
651
256
137
13
10092
9775
7290
7263
4559
4406
2389
540
159
9691
7417
6126
4641
101
9355
8027
7021
6888
5827
4766
4273
3283
3072
622
10087
9571
9168
8951
6009
4949
2160
1181
852
9674
7742
5658
1524
10036
6920
5126
3469
2472
9561
5356
3749
2250
1692
643
418
3120
2189
8583
8081
7781
2394
2301
1298
9906
7773
7268
7098
6885
6478
3124
2541
1381
8858
6327
8406
7765
6474
6221
4585
4271
4230
3235
878
4905
4634
4454
425
177
9252
6384
3410
2849
1530
1099
9710
4481
2212
2211
822
7309
1730
1148
1042
8749
8473
7690
3611
2234
1717
