8645
9884
5941
9929
5943
5233
7724
7205
9552
8900
8421
6933
10101
9763
9216
9105
7858
9890
9860
9822
10116
10082
10235
9922
10108
9932
10033
9795
10160
10183
10047
9869
10063
9782
9259
8023
9962
8921
4563
9179
10113
8992
9794
10156
9470
9891
9575
10142
9765
10064
10239
7175
1815
8315
681
3213
9096
10005
10172
9374
9913
10167
9730
9572
10041
9013
10184
9609
10068
9708
10053
9491
6289
2571
5878
9753
9788
10046
9506
6674
8560
9656
5931
1223
10234
9112
9287
9419
9875
9966
9979
10178
8415
9769
6359
8883
9496
8914
9512
10043
5999
6430
6329
8968
8666
361
3654
9958
9304
9250
9783
7797
5212
8840
458
8640
9317
8697
6068
851
5697
9459
9853
10147
5768
4751
6724
9190
4469
2940
9980
8595
8548
8184
7070
4106
8753
9154
5822
7237
5331
8251
9455
9990
5409
8521
4632
6210
8831
9545
5429
9088
8693
8344
8100
3568
7934
8601
8522
9721
157
9905
6026
9398
2117
5396
3642
6583
9047
9703
8252
148
8449
8147
8238
9864
8092
7803
9130
8105
9524
9541
10017
8339
7313
5871
8287
8557
4444
2542
2575
1207
26
5308
8232
10232
6924
8174
7170
9332
9689
10105
10066
8135
9440
9373
4554
6352
10177
8227
9754
8069
7908
15
6387
1604
521
6560
7646
9016
10197
10029
2010
7404
6602
9654
9584
9360
2952
3518
6347
6799
9202
9546
6988
5739
6006
4506
8810
9702
5189
10061
8223
10028
9535
1269
7355
9067
5017
5450
6582
9085
9321
471
5332
6734
8170
7825
145
4794
4169
3719
7260
3908
8970
9086
10013
9331
2657
438
6205
9946
7761
6517
7243
7990
9460
8843
4832
6447
5253
6529
9878
8416
9264
9283
3488
8160
5111
9035
9528
1626
1768
7698
6264
9054
9643
7701
2593
4289
1238
3945
9774
6990
5767
6120
8132
9680
9325
5561
7446
8383
9182
4524
1581
9834
7745
9808
9814
1369
2458
2993
2704
5718
9033
8997
5145
8095
6940
5258
7059
8803
2192
5642
9239
8265
9441
9219
7543
1086
8425
9780
8332
3330
1341
6730
6778
7723
7333
10081
8631
1579
5701
8627
3796
7978
4919
9025
8114
9040
5517
1921
7458
1282
5950
4817
7319
9012
9742
5738
7730
3778
3564
5580
6636
9617
6617
304
7496
704
440
6961
9749
5385
8986
6666
8604
8572
6269
8113
2937
6612
9712
8088
3633
10024
9855
4789
5690
3095
5291
7418
8438
659
6339
593
2801
5042
6546
8550
8918
3508
9634
8059
6499
1643
6124
4959
9926
3018
9671
7173
9756
9902
4309
4693
978
4755
6179
7194
9527
4924
4779
9044
7965
10019
6971
421
6031
9661
8792
7769
6309
518
6108
7171
2350
8451
7487
9273
4538
4259
5376
4574
6015
9377
6780
4276
2016
3497
8902
860
4733
10233
7395
5684
2436
8308
9659
8778
6670
8420
5910
6385
103
4929
3512
7707
6630
2288
8817
8798
7142
3388
8460
7842
7987
2877
642
5751
9598
5629
9941
8616
3688
8599
6199
8944
3362
9650
4654
8302
7618
2972
6547
7215
4844
8941
8469
3136
5530
6298
3322
9917
199
7228
9588
6128
2834
7438
791
5473
6184
7644
7857
8574
7386
3132
8049
353
9599
5571
7674
2278
3378
4742
3449
5187
6818
9303
3247
7302
9431
6266
7232
5917
8804
5433
3272
6626
3721
3019
7264
4734
5073
8527
5369
2399
7856
5097
8867
8711
5604
9523
9178
2552
1906
10106
5441
6101
282
9087
5081
8039
2634
2911
7787
5341
7358
4998
8491
2811
5978
3820
7257
4382
9480
3219
8004
9124
9628
6763
5236
1836
7440
2787
4235
7332
6886
2082
7169
1803
9773
8365
10030
3662
1965
4434
7837
9404
4094
7576
9098
8786
7149
568
7413
4889
8856
7940
2254
1509
5490
7995
5969
10044
3948
7510
669
1966
4335
8331
4083
3817
9848
1857
1073
7043
4435
8909
1005
9084
9603
4101
460
3145
6548
80
9595
9375
10095
5761
4065
7122
9064
9971
7817
8243
9039
4031
1343
2968
7442
7389
9065
3170
5235
8377
3897
580
3962
2468
8172
8995
587
2808
6987
7854
5814
2893
430
8452
7381
8762
9060
3703
2093
6665
444
3068
9155
3240
8225
1832
2777
6235
6183
8417
9266
1680
9473
6959
3640
7918
1272
6646
1629
7622
2687
9041
6856
10083
412
7253
4284
4479
3627
8642
1409
772
7667
2438
8972
1055
10032
2680
6765
3910
8691
8485
1311
5763
7072
4077
9032
7912
3037
2847
9945
785
8468
7575
8863
6086
6566
1261
2027
4145
9574
8853
8569
6222
8123
6431
2506
5596
7782
2914
7893
9024
9315
6992
7659
8927
6169
4436
8839
2485
9409
390
1132
3861
178
6842
8474
1561
8507
654
2331
7298
2449
6928
8924
6540
843
5692
7747
6766
3563
4361
7649
3259
2665
9191
8530
6428
2225
5934
1851
1427
8407
7216
8910
8193
6196
6450
8361
4907
6351
1217
1095
1731
6695
9389
9501
6691
1746
4618
7310
7135
6908
134
7420
1053
9015
6371
1303
8766
363
844
8570
6048
8358
6178
1443
6276
7680
7073
3212
2908
1567
6764
9405
854
9605
8241
5816
345
6080
5382
8518
7255
1213
742
65
6089
4093
5712
6467
24
9560
7022
5778
9268
2342
5885
4158
9604
4275
4364
6191
8352
1194
8517
415
2424
3864
7188
7245
8167
1383
5907
3481
3734
7158
5529
454
2848
2919
6162
8925
857
7006
2936
6448
5543
8710
193
7870
399
4041
2144
5890
8455
9492
2122
1250
2609
5889
786
5296
7080
8094
5520
5677
133
3674
8437
8007
8886
611
6849
1103
4154
4240
6905
9912
1694
5573
5472
7077
5349
5288
8827
5638
4536
2090
8402
525
3168
6807
8935
5491
576
8960
6092
1794
7986
1469
4884
5551
5305
8045
6675
1967
5315
8389
6969
483
4611
5791
3844
2918
5670
3827
4772
5494
8037
9347
5173
427
2864
4881
1912
4898
410
3741
3417
8284
6926
8744
4395
3165
5205
5150
7876
4650
150
4939
875
5265
8702
2700
6577
3225
5272
3921
7051
7909
7869
3154
4765
1962
4880
8263
322
1316
6866
4637
10124
7866
3088
8367
8516
2299
4640
3803
4679
6413
3498
7516
4195
8056
597
4577
1699
7752
2401
4450
2528
4763
6784
10191
646
7885
612
10236
8166
3732
67
3346
7901
7802
6407
3187
4353
4510
7812
10166
3328
383
4491
5968
8486
3599
3786
2713
104
6749
5872
7715
3532
4291
1393
2580
7888
2464
9743
3482
2411
6364
1460
4709
9911
7505
2737
3941
9761
8054
9231
8432
3503
3300
7881
6705
3432
7082
1365
4067
9700
1403
3616
5792
5868
6753
9818
6539
3890
7720
4189
1839
9481
3478
2127
3051
7531
2561
909
1138
6696
3676
7684
4265
9417
2403
8215
9436
8290
5623
4657
2640
2754
2813
1304
3519
2617
2964
7477
550
9406
6808
8201
6694
9838
5243
8890
3577
3416
2018
7426
2307
1592
7953
2873
824
7433
4620
1870
99
2707
8130
3020
4073
8684
4180
5335
4190
1411
6637
1956
7577
8044
2174
2479
7336
1123
9485
3538
2715
4512
6093
2649
6722
6550
3404
8646
551
8805
5698
9955
6581
4856
185
1081
2698
7241
8989
1128
2569
1993
7294
8328
936
3637
3454
1016
3487
8194
9497
838
464
2446
3424
5232
5133
7584
2184
7203
6556
9343
2270
9856
2521
5222
8307
9430
7874
3062
5318
0
862
2105
774
6504
8293
7097
7044
2324
9927
5239
278
6671
7453
6455
9204
2923
3451
6417
8341
1026
3607
8864
2052
2731
1986
7090
8012
4508
4490
2015
7941
8206
9260
6440
7977
9885
5459
7484
2267
2157
1899
1499
9238
7075
9102
1950
8531
5771
8247
3912
7197
3323
6308
6432
5270
9829
8077
8111
7168
9953
8733
6381
8639
8540
9369
2158
4811
1321
7038
1849
3602
806
9128
882
6563
7377
2071
6437
3902
446
8528
1111
8187
6286
5790
2377
6858
4021
3150
6148
6742
4764
3107
8776
7574
8791
9557
1173
1661
5918
3804
9796
1883
1101
6769
229
1762
7925
6284
7960
441
9842
8849
7945
7823
4808
5085
866
7996
5795
945
3612
9385
6733
10201
142
6285
3084
1075
8107
8515
9854
10180
8613
741
5036
8401
7711
479
9099
6247
7258
6231
7641
9045
2086
7862
6131
1071
5990
1371
5164
3027
6711
326
7793
3536
4134
5242
5522
5759
2616
4696
7652
6203
7819
7692
7212
3426
9693
5586
2878
5267
1028
9195
4994
6692
7612
8637
7154
5864
7007
7948
89
2982
4635
2556
895
7523
9007
6123
6135
4747
6663
6077
7780
9562
7910
18
2245
1533
7676
7287
2145
7625
7979
6153
5417
8065
6628
1675
3209
4589
6909
7480
6967
5811
7492
6655
6958
5025
2806
2110
999
2404
7439
51
6966
9993
6520
6489
6475
6071
6256
6449
5789
4489
6064
6343
6164
5060
9094
7356
6061
5420
6302
10007
8537
1838
1602
6053
6515
4511
6300
3763
1984
4141
970
6268
2041
5947
5719
1995
5513
1866
5218
6377
6960
1763
9872
8239
6452
7234
7095
1416
8262
6211
1367
3865
1078
9655
5515
4918
6915
1724
6201
3976
9658
10175
9729
6689
1535
5932
1669
4825
7589
1668
5952
9100
6482
2625
3254
1538
6672
214
7579
6227
709
795
9050
5283
5832
7259
5786
703
4920
10118
138
5972
5874
7134
9262
3527
6002
1767
6688
6595
5094
7550
7913
4663
7262
9666
5800
2283
6182
4123
6906
5711
1188
4264
8769
6042
8751
1229
5678
4009
7511
8549
3521
9293
9318
3769
5772
5558
3781
7441
6673
5848
5316
1131
5787
5516
5211
1216
76
7734
9757
5319
1209
5423
8957
8502
8026
3533
71
9177
5756
5651
4055
8724
5815
1084
7102
5510
8881
5624
4963
1682
628
3355
602
267
7009
8144
5013
3950
7694
7997
5492
7650
4721
7359
6483
5416
3870
6446
9991
4691
7871
5370
6785
5300
6361
4225
7672
5166
8877
9183
507
6383
7522
7178
7140
7593
7067
5850
6112
6650
5165
6797
9226
4017
5326
8503
9621
4678
5869
8177
119
4368
3900
5162
4745
5170
5203
5620
4717
6115
6404
5049
8179
3679
5568
2928
4191
6084
4313
5503
4872
9464
2573
8199
2733
4743
5434
6050
8210
8768
5109
7489
3110
1222
4686
3077
968
4347
1052
4899
5234
7280
5577
8297
8610
9833
7537
4946
8969
4885
964
1284
1748
4858
9192
3559
5138
7286
7943
81
4826
2545
4539
7490
5107
6328
665
9083
4773
722
7400
7813
5064
4752
1450
7265
4988
4408
5043
5028
8911
4985
8694
6644
4958
4936
7163
2984
5096
4728
4860
7475
4246
7088
9704
4327
4833
2107
424
4552
7976
9456
732
5783
8994
7047
4066
3100
5988
4827
4250
2074
4109
8036
3981
1423
9180
4366
10140
4125
5134
1635
8080
4341
2559
3619
5507
7085
4100
7762
7125
4258
4668
8719
7966
6136
4610
1781
4882
3118
3985
5159
3113
7883
3282
7062
5734
10107
8612
6565
4916
2239
4160
9947
4591
6574
2352
6812
1154
2397
3542
10153
2260
5461
4147
4385
3345
5158
6524
8730
3907
3929
5301
1516
1558
5911
5271
4703
6898
4143
6486
3267
5241
4816
7567
4105
3457
2153
6028
6737
4253
1666
3954
3825
5210
6643
2563
4548
1749
4384
3823
7602
2053
3166
5913
1495
5653
4362
7223
7743
2751
6206
4210
9652
10190
7814
7560
1340
1297
3957
4140
4099
8752
3874
4607
5257
3397
4795
2800
2568
4868
3933
1417
6357
3773
10058
7401
2201
7292
5156
3552
5040
9206
6896
9414
3783
4533
3243
9143
3636
8984
8388
2778
1674
6680
4445
6530
2579
4661
238
3502
3167
1124
7601
4390
9475
3336
4809
3835
3993
4226
9542
82
8535
3765
8353
5050
8304
2139
4177
10085
3672
5799
4117
8348
4261
10070
4186
3366
5693
2415
3603
6745
23
4069
3963
3013
7117
5748
3116
9866
532
7305
8822
1353
2696
4090
9747
1036
1080
6228
3572
3142
1327
3859
1062
6562
4514
8482
3513
2493
2636
3251
3799
3826
3396
656
7055
1507
8405
6282
4321
5595
8463
4108
4061
9701
3971
2298
5982
9943
3493
3304
2587
9313
7609
3795
1360
1151
6360
2514
1051
5353
9995
1333
2391
9353
971
3434
3727
5302
3477
3724
7374
2838
2486
7003
9843
6715
3376
4438
3022
4718
4834
8484
8351
3308
5216
4649
9998
2938
9256
4628
55
8478
5673
887
3794
1922
4570
6631
3706
8137
6804
1044
7293
3905
3269
2266
151
1867
2456
2977
202
5474
1783
807
4345
4323
10139
6335
1923
8920
9188
1587
7276
4255
6837
3623
5067
10084
9445
5281
4593
7654
1380
5835
3541
3474
3663
8807
9133
640
2513
7529
2463
5981
5644
3073
10088
3137
3464
3395
3253
5458
365
1167
5276
7091
1092
1534
3302
3373
6132
3959
3894
7461
3446
8783
1913
4778
3144
3390
6140
40
5035
3093
4892
5840
5526
1790
9517
2118
1270
4759
3105
8395
405
3066
5861
9594
3486
2601
9532
7320
1474
5655
2390
6772
3050
3061
8748
5306
2825
2958
3188
2841
1812
2756
2863
6998
9140
2706
6854
3990
3049
9055
1697
1245
3500
6480
4922
2659
268
4553
1000
1955
8433
4726
3047
2584
4995
7272
1539
8681
10125
1280
2228
3312
855
8538
3480
941
9017
7143
6656
5274
4502
4216
8589
8398
641
747
3076
9484
6197
1597
2535
8504
2851
4754
8880
3034
253
1368
789
8988
2343
9127
1048
3017
4447
9038
468
626
2955
6237
4623
2319
9530
6645
8311
1514
2901
960
290
4035
2291
4301
1930
2876
3294
4695
6907
7706
8714
1671
2187
9082
4993
3080
8556
5070
2475
257
428
2550
10040
10037
2365
8216
3001
2496
2776
8812
4363
5900
1266
594
5706
3252
1004
1432
6472
60
2290
2523
2990
4008
2494
419
6805
2249
439
4001
2489
9734
10062
2108
2448
8978
6752
281
2426
9607
4175
2423
6313
9785
2400
5674
4441
2035
4558
3966
5389
10199
9439
30
1811
2385
3211
1066
2026
1271
5927
1170
888
2658
5774
7407
10179
2859
1436
1119
5550
2941
890
8279
1733
3425
8429
9873
4350
3813
305
1523
2351
1944
3002
9162
3543
5533
7
7859
5411
8221
629
1917
2574
8120
1830
9982
7421
3412
9896
8671
2829
2622
6043
1760
8386
2347
559
514
1729
2988
9934
8819
7408
8338
2064
3392
2300
6033
2334
10155
420
9733
9642
8354
2780
9298
3489
1500
3409
5122
1528
994
8476
3444
8162
2452
1816
1482
3228
8256
7526
5221
3186
1186
2222
8390
4890
1664
5496
7923
9296
250
7919
3775
3340
7608
9859
8362
8119
1946
2443
9841
3157
1596
2209
9727
3665
1820
338
2526
1054
451
2259
8212
7064
7669
1351
1878
4968
7066
2204
3546
2459
3127
6398
1637
32
1613
3456
1464
2164
1307
10115
6978
3070
2132
972
289
9722
7916
2102
1274
5511
787
957
1844
72
8188
1882
3645
2003
885
8192
6305
9161
5392
3678
880
7903
608
7061
7685
604
748
223
7199
8577
9638
737
7513
1897
543
7785
6996
666
1720
1715
1517
9069
94
9249
5828
1800
9596
6921
484
9482
3800
6704
7956
485
1651
1583
7660
9897
1541
10181
8542
839
1526
7959
6147
4446
5588
5188
447
9424
340
1003
5825
4030
1506
7606
2915
7267
3112
376
9630
1420
6456
2379
4170
3514
7831
343
5983
327
836
7366
4927
277
3079
5935
203
2846
5523
2508
6925
10012
10117
1624
7677
1205
180
8906
4358
1970
4424
2213
2412
9606
7288
5186
2510
19
4223
5141
6610
9215
4311
5439
4377
234
1608
6523
6259
9744
5652
2273
9201
1520
1442
2804
5310
635
8099
1140
3836
5290
1723
165
9034
309
4174
1127
9798
3751
8280
2504
10174
10050
7306
9499
8966
6212
9999
10003
4642
1050
10034
7600
5179
5358
2384
1043
1447
8680
291
912
6397
4176
7557
3608
993
8703
1090
448
4849
8847
8060
4529
4448
8146
8605
6871
5754
7343
3928
1011
8359
4428
5867
6558
1512
6159
6831
953
7449
3459
8670
5802
367
9792
1658
8197
7838
760
7719
9797
5089
5650
8040
4187
8596
5686
4727
8615
958
3718
2534
7367
2405
1370
579
1854
10216
922
7824
8923
6806
8647
3369
4219
7049
8408
6800
865
8382
2880
7705
6260
5703
10018
423
6994
4546
196
8619
5299
5082
8296
8159
7864
10077
8825
10143
5493
4349
6690
1600
5213
4181
3327
9724
573
8967
7528
3661
7938
966
4367
2089
539
3829
3588
4278
4332
3122
5775
5397
7256
3271
4039
9068
788
7922
7828
6224
8169
7466
3668
2128
8200
449
9717
6726
2348
7759
8016
422
45
4049
3969
4338
3930
6054
5303
8181
8041
9062
505
2242
5287
356
7633
4224
5779
7541
1045
8052
1616
4687
312
7809
7722
4328
5359
575
6568
6973
2151
292
5293
3638
6243
7248
4102
8268
7861
5514
274
9023
3937
5443
4485
6241
215
4935
453
4777
2758
44
7346
5404
1337
1133
4460
402
553
8487
5977
5454
8674
6993
1109
2469
3818
7688
7687
7639
47
2511
7368
758
5314
4501
7159
8033
3581
8541
4897
2028
4653
3309
1622
7145
2060
1082
8539
463
6757
6794
2947
831
10162
7113
1814
1072
6522
2441
5329
5590
7024
8391
3590
3762
8151
7013
6453
1557
6762
2661
4482
3742
6718
4376
1617
8372
1022
3911
115
7553
4835
7012
6738
3617
323
3374
2852
4863
7733
7548
6862
5668
1257
1568
506
2156
112
3289
6972
9846
1437
3838
2945
10134
3666
213
7521
5377
7968
6708
6878
9020
1397
7536
205
207
57
6968
6436
1169
9399
8378
7495
8938
7351
247
7284
2612
6416
8093
5076
7157
95
6444
7218
5209
3293
411
1255
3382
8779
1744
3812
5908
1283
6356
6267
495
2114
5045
7211
7121
9845
7519
10214
3551
6986
4624
3522
981
3965
812
7795
9759
7482
6903
4537
7015
9825
1988
599
4672
3858
2565
6321
8072
9553
6991
3065
6684
6567
9276
6571
5030
6067
9779
3421
8696
3462
3220
10065
5922
3185
9972
6773
2681
9736
7905
1572
9600
9874
4932
2168
8566
7530
9735
4079
6039
3926
2816
4407
5680
1021
7174
4814
7115
8634
222
6058
6376
5071
3009
5839
5851
4675
1594
4698
9171
6462
8885
2453
7236
2152
6770
3877
5992
9486
6311
2553
6348
5630
985
8320
4360
673
1156
5782
9220
9468
6217
4613
9232
9570
2147
4326
4126
3597
948
6100
6930
4803
3347
5958
4051
6473
2047
5365
8998
5289
9772
1574
9175
6707
2644
6425
4359
2755
1164
5643
7758
7390
6901
6079
2255
84
1117
6653
4129
7301
9366
2033
3332
8930
2669
8156
307
3923
116
9207
9623
5483
9340
8946
2243
8707
9921
5130
2946
3884
8912
6207
7410
4302
1973
9157
9537
990
3569
8370
8580
3447
1828
5418
1916
6544
9279
4496
916
5545
5505
1571
9148
3420
8373
5286
7139
2784
9443
4782
5068
4886
1998
9022
1191
675
5912
3798
5200
369
5506
8189
3553
5178
7380
3241
3504
5020
744
9333
2992
3246
350
2188
7892
693
2595
4887
4739
4480
8509
5831
7285
4534
5857
5400
5194
2888
3944
341
396
1237
8830
3249
1481
4293
4423
8742
5086
387
3205
853
3004
8722
4622
7120
952
6754
4263
6658
526
5537
8418
8650
6277
4398
4669
3078
4086
9280
3931
7974
5720
7186
3311
7517
2149
4931
1430
6537
8524
4312
1143
881
5196
9586
486
582
2311
4245
7836
8979
4247
2519
2872
2081
4828
7738
5037
8426
6850
8936
4950
10150
4183
2963
4016
6832
263
4029
7545
3758
8233
4205
6270
9476
6746
4914
1843
2875
10230
195
6608
7835
8949
4741
3677
4487
320
7679
522
1504
6271
2670
1121
584
9388
9113
3649
4707
7591
2766
8142
6204
3738
3162
3558
3598
5731
3335
10112
7369
4729
1615
5029
6819
58
1362
4242
2871
3475
2853
6698
3471
2717
3029
7657
8042
9631
6110
3329
5784
2294
5954
3317
664
9223
2562
3284
457
7729
10023
5860
6295
1373
4054
3031
4599
6263
8896
2672
1940
5845
4792
8907
3160
8869
1884
8349
6635
4139
965
5633
4671
3696
5481
5124
6616
4587
3290
7092
4503
6075
5858
7112
3104
8675
7699
8228
4037
407
2043
5793
8017
1589
43
9939
3994
1125
4124
1106
1914
7039
4790
4071
161
6468
3115
4516
3117
10204
2137
3528
4756
6942
4340
7839
6405
8419
7920
3003
7697
3038
8590
5893
2346
1265
2077
2314
2582
6869
7415
7686
4011
3924
8213
10224
5694
5696
2781
7604
3460
5273
624
9209
8285
3841
9489
8961
6362
7156
2638
3968
10219
6814
8739
6013
1690
997
1772
4706
3975
6777
4547
3181
5282
6761
4463
8038
1190
1599
5190
3814
2473
7128
2927
3809
8488
9952
6373
1230
7354
8259
2428
7663
1943
3098
4991
6334
2605
1556
6953
209
9836
9867
4500
7800
502
5608
3331
5621
2533
1630
585
1344
7455
3766
1047
6283
7361
9616
5215
5182
6916
3472
2974
1673
2604
5251
3011
6005
7937
9275
6187
5180
2143
7074
5695
6629
480
6488
5671
1305
1819
3808
5174
3515
9675
2339
6274
6633
841
903
4631
4840
4304
5175
27
5120
2238
2924
7300
6248
248
105
9101
9242
5895
1529
6174
3893
4580
1083
5155
2220
6781
4296
7882
2098
1058
10080
7801
3671
3575
1936
6614
5976
10055
4716
10086
6186
735
1228
1905
10217
1980
9186
5951
3244
7662
6669
5131
6145
8163
4923
3868
8505
7615
2005
6023
2762
5899
3351
52
803
8690
6744
2907
1586
8983
5863
8665
1855
5938
4532
2660
4257
8400
1405
5246
1864
300
5873
5717
596
3109
9956
3007
4471
8928
224
8999
2537
5589
2785
9916
9330
4091
1757
8310
8030
466
9915
8129
6379
5619
4494
4355
8662
2749
2951
2957
2512
9904
2734
2869
1713
379
9821
1788
1309
7985
3467
808
6789
8299
9678
1290
7330
7586
4026
516
7443
6493
2503
1601
6246
5960
1326
9789
8326
3740
3422
819
4861
2690
5578
6213
2497
1689
7342
9802
7886
8103
7111
2375
5870
7176
9299
7818
538
5667
2554
5495
7109
2362
6604
6310
3886
2368
364
4281
1009
7727
1074
2615
6051
6847
4461
6
7741
2029
5820
1313
5974
8000
2557
5421
910
10225
9234
7138
5741
4197
1258
211
3256
5797
5744
4984
775
6320
1126
7057
8063
7623
4149
1588
9149
9267
4605
4028
4484
6403
9070
767
6341
3359
1642
9066
3879
10121
4697
9448
4396
3789
5539
1929
586
5280
1144
1231
7295
9667
7847
4464
3641
5488
930
5881
511
2867
9868
397
2711
7917
1920
3139
778
9329
5632
7975
5598
1570
4787
476
3810
1024
5891
8249
3793
4005
4866
4282
3626
429
4024
4719
330
9653
5579
793
3466
3045
120
7988
9748
7087
9278
3845
1977
286
5399
2817
9636
7890
3692
5309
7718
2699
8785
416
7451
9196
3594
6922
1773
9540
2598
6396
395
10209
10149
9559
9072
9750
3989
3363
4043
8996
7329
10067
2725
9187
5875
6977
8651
3277
1175
2845
4762
3453
4274
3054
5285
496
2366
9367
5018
5679
6697
4449
1582
1061
4689
3326
298
1137
9676
6369
5244
3520
7261
8943
7689
3535
10193
7502
4573
6175
8862
8439
973
929
7325
9254
1672
3101
2950
5277
1244
3161
5836
7546
7273
3635
5044
2129
723
2341
8511
2714
3173
4934
191
494
1799
109
316
5304
4418
3573
7027
9172
21
8963
1756
8664
1663
2641
4172
6900
1826
9426
7749
8385
7058
8337
534
4063
378
9522
4194
2920
2172
1619
4465
7000
314
8324
221
9122
1374
9394
684
7231
6401
9937
4955
9973
2487
6868
4132
2629
3694
5088
7967
7767
3237
6117
29
5812
893
3648
9
8793
7751
6216
1176
4774
3287
3578
9073
6771
4813
2865
1192
2809
5906
2171
2935
648
3479
9306
4268
2739
9511
4980
7595
1489
9282
7053
10211
4578
3652
123
7713
3691
2092
726
8423
3221
2576
1823
3155
7788
5208
9384
2518
1670
2934
6599
4987
5374
6069
8899
3158
2279
9271
2730
5902
9103
7023
9164
4256
6041
1954
6664
5635
2775
1445
6323
6337
2062
5479
782
125
3021
3737
8850
1869
5962
1251
2716
2037
8771
1972
117
339
1652
1
2736
5903
679
5967
7563
992
4780
921
1200
9167
736
6035
7999
2607
7347
617
5435
1477
10000
7323
5184
9767
1747
1077
4962
7508
8609
1848
7378
833
2631
6495
937
2274
2148
902
8800
3938
2393
3715
4545
3916
2983
8717
792
1544
2054
5157
6974
2547
4720
7001
2373
5101
2796
9640
6047
9682
7507
2296
4324
9134
697
469
2241
9370
8892
4146
10021
8741
7474
6561
3973
6575
3690
8409
3111
401
6535
4586
2205
3699
3622
299
6096
481
588
6846
9109
2167
8905
4405
8782
4509
7768
8781
2392
3684
8688
8148
2133
9421
558
358
4334
2223
3711
7299
3903
251
7991
3242
9529
4804
198
9692
1948
6081
6787
5945
5011
1352
5502
186
1721
5091
5489
1865
5752
5591
9363
9844
1705
403
5471
6418
8734
6677
9074
9265
3587
2619
752
168
2179
135
8859
6743
3255
3647
8029
5742
5431
1614
1394
9831
7897
1971
3754
1345
8404
3383
4930
175
6465
4842
2954
5380
5090
3673
1317
8018
310
3195
1846
9198
5936
7964
2835
3223
3060
6484
7613
4505
3386
1273
892
8571
768
2815
6296
2759
3354
2819
1187
90
113
8878
2720
9169
5401
5098
7239
3423
1157
2836
2633
3090
107
7191
3298
1898
6995
9894
529
8510
2594
954
9284
62
7291
5965
9253
5710
362
5183
1679
4973
2078
3046
1894
2502
3889
7932
606
8483
162
3086
5342
8939
61
991
8774
9241
9453
879
4414
2861
4791
9401
9117
3014
9581
609
8965
8475
1429
872
9810
2
4121
5425
4429
7611
474
8298
2419
7877
777
6090
2824
6825
5662
1439
5765
6466
368
9566
200
1606
4095
10141
5500
2747
3353
3470
5468
2538
6055
7065
9516
8641
4330
7771
2264
8648
2488
4943
1485
3849
7017
7994
10035
9357
2662
9447
7252
6505
8993
1391
2896
3978
9042
616
9075
3735
1029
6419
837
4493
2827
1008
2289
10215
9935
8091
452
8598
2173
8002
4571
9804
1463
2170
8818
7025
1398
118
4812
7725
6549
6167
5714
9805
2358
2515
10188
8725
2925
8913
336
6479
7210
6521
8514
5228
9320
5328
5555
7110
5355
925
4287
9862
70
7196
380
10052
1459
5405
5926
7089
7796
6542
8754
443
7240
4075
1497
5268
7551
1302
4080
4735
269
2031
7032
9593
2794
5649
2297
2732
9548
4513
2162
6647
5378
2683
4746
1952
2590
6538
2823
3756
9538
8565
3748
10148
2539
3206
6172
9051
9185
2444
5469
2374
7754
3183
4974
5807
4738
1246
6460
4474
9948
6389
164
6957
1287
3465
2161
28
9880
3299
1983
4977
2372
1727
2011
9887
4713
5853
3082
823
2440
655
264
2606
4619
9184
4567
2943
255
6779
7375
1104
2304
6651
4269
9718
7580
9371
3307
9471
961
5398
9461
2540
10011
5080
5153
50
2688
4078
3992
2603
1210
1868
3270
570
8325
9246
3860
2570
10002
1355
2079
907
3824
1877
9089
8919
2744
10222
3303
1703
1435
3123
2065
8888
171
10119
3712
4681
9027
2120
2991
8775
6326
8698
1452
5540
1863
7198
1536
2666
9618
7760
5346
780
8683
5924
5627
154
850
3815
9709
660
3399
565
9465
5762
9970
976
2070
4786
346
9949
4556
1421
8973
4114
7989
6464
1494
1559
2912
3232
8755
66
2779
2500
3830
6786
4209
8875
7322
1818
2437
7946
8624
2058
5337
4507
2277
3052
1262
5939
1700
9427
6007
7181
1548
8274
6824
132
10185
4699
6338
10159
5069
7244
1522
1147
9940
3250
5419
4248
5760
372
266
5032
504
2799
9815
6133
4744
6893
4279
2355
8207
4182
2798
8096
5004
5083
189
6262
7372
1070
3716
2253
4724
9741
2975
3178
4419
9591
5661
6170
1350
4150
1610
8064
2981
2650
9726
6142
8816
9662
4070
9521
3507
6152
1444
1334
8369
1681
1379
2237
1990
8644
7845
5846
6059
5477
3199
2269
1239
1562
1428
8203
6519
5062
4626
4883
4569
1294
7269
569
3615
8316
5482
9858
2527
1220
9462
2998
5549
8497
5730
5047
2501
1408
2997
1847
6349
1359
1110
271
1332
6121
6795
1174
10136
1779
2361
988
2673
6226
6303
10054
8240
8679
1510
4082
1607
6219
6029
2420
8806
3761
9849
2066
5334
6137
1478
5929
3537
983
8955
9755
8226
634
1013
5770
5456
3701
1750
2155
9135
8718
8254
4568
4007
8
7581
1623
5921
8312
4380
5648
926
9758
8663
2353
8112
9738
8564
5451
9957
5601
4857
10123
8498
5427
1466
7670
3714
3600
9663
10111
5072
1677
280
9555
923
688
4415
3490
9314
2044
9893
4159
8431
8074
3850
1825
8175
7766
2282
8638
9536
6767
917
279
7884
9048
7955
7222
1798
3182
7525
2484
8392
9230
6836
4473
2359
1787
20
7118
644
3832
3888
6088
9002
7628
7993
9078
6458
5357
8901
5402
5721
8729
1698
1765
645
6895
2257
4659
7603
8990
9816
7571
7146
275
2186
2330
1755
667
2583
6049
3720
1726
7242
174
1038
7992
10025
9408
598
776
442
2076
6976
8772
3301
3133
4748
571
8046
6294
670
7614
9544
523
8903
1876
1563
8854
8057
509
2001
2036
4443
3043
1792
6891
967
6678
5
8808
83
1503
7425
7755
8607
467
5639
9123
9000
434
4351
7364
497
7221
8143
8396
1199
7161
2333
491
1034
3030
7592
4656
8217
6193
7318
7164
413
6146
6840
4557
9312
5994
6062
261
9490
7046
477
4236
1100
7963
3440
1064
404
6500
1286
848
7031
9272
1259
554
6693
5615
1114
5723
7789
5842
8333
4525
5780
3280
8728
8202
6803
6601
3418
6801
4664
7445
5325
7506
7843
6654
9610
4807
7834
306
2543
801
7096
7069
5813
8289
293
3881
2292
6864
7467
5077
5554
3614
259
349
7127
2442
503
5279
7019
5740
7432
8695
8281
6251
6234
4373
6190
6613
6171
6130
3413
794
9382
5897
4970
3171
10218
5048
1218
5753
680
5883
1193
7798
1947
2378
2219
7832
9342
3085
1395
3842
2770
201
2193
7899
1786
5202
7598
4670
1296
38
7465
6249
2056
9837
7362
9442
10048
9286
2104
5888
5046
1425
3709
2793
4492
77
4942
2095
764
946
5177
6981
8708
204
8157
3431
5249
2141
6004
490
4357
4310
7360
8554
4204
2080
2109
1997
8630
9434
2854
2432
6045
1225
3217
7494
54
9324
3610
9030
3262
7084
1089
7341
382
249
914
3700
2034
6424
4305
391
9494
2995
4674
3194
2376
187
615
1809
2020
2134
8133
6254
303
2481
4822
1165
7042
8153
2668
8563
761
7770
763
4221
607
8047
1219
5394
455
6366
5877
5136
1141
1918
3234
3266
7561
7308
8414
141
1641
8375
2962
6983
7160
2874
6760
8962
6427
6454
1461
2002
3579
10075
8356
1113
1366
7651
6532
5727
3227
572
5263
5798
5849
2305
2891
3583
2844
3848
3988
2531
5930
9218
4926
10006
3707
8234
700
633
1267
2021
1934
3650
9029
5715
6625
781
2019
10220
9828
4740
7556
5229
1861
6056
1959
5617
5609
5446
4770
10206
9507
6044
9992
9364
7224
3368
1979
5237
5192
34
9696
431
1410
385
4582
9888
4410
4821
5362
2196
10010
3807
4915
8653
6685
1961
8161
8712
2199
5167
7643
1502
284
10004
4285
6399
7184
1924
9108
9951
9411
9694
4113
7040
9237
1728
3777
6293
4560
8794
3387
2635
9613
398
6370
4432
9229
8492
8546
9200
8427
3757
4023
9258
8109
4084
10022
8677
5844
6507
7485
7777
3892
1780
102
769
3631
7820
8165
8264
9716
9335
3725
4451
9136
3365
7464
1484
5777
6817
1310
6273
4676
3041
8738
7076
8025
10228
8360
4422
10103
2887
2069
4325
8915
7002
9909
6585
8101
6736
8852
727
8767
564
2427
5892
7878
8309
2520
9668
3932
687
695
6139
5955
9647
3562
9964
3509
5600
4940
1023
8743
3984
7470
4730
4961
6796
4938
1691
5810
8685
8726
6897
4199
1784
979
7872
3998
1107
6236
3729
6747
8727
610
3770
7353
4530
5538
746
6713
6318
2009
856
5997
1573
8789
22
183
7324
5705
2738
6414
5321
9629
2898
88
4945
8070
713
5826
3175
6706
7616
5750
272
7217
3646
6272
2818
6487
6250
5862
9444
6261
4299
7737
7392
5886
4343
7338
3728
8837
9053
5833
1468
2308
6017
9768
4369
8182
5484
631
10093
6395
6097
6208
492
6618
6683
548
4477
7585
8763
4208
9580
8413
1426
6624
7100
4131
9170
8481
6287
8244
3670
4012
8083
2792
7621
2830
6703
4978
4188
5154
7104
3967
6634
8220
7735
2318
8874
9316
9454
9886
7778
2572
9531
4685
5971
4658
3549
5887
3953
9684
3506
2038
1419
5956
6076
1609
7297
2370
9392
6661
5078
2596
5391
1020
9525
2959
756
3350
4058
9504
2902
5654
638
7739
820
8832
5207
9632
5569
7744
2802
874
6299
9290
7014
6012
8363
6557
10213
64
9126
3909
8434
9826
9900
7501
3193
9519
10227
5360
6138
5704
153
8282
4638
5808
6106
9508
4
7219
5499
5121
4162
5169
7569
3245
889
2892
9166
8291
7419
6965
5525
8704
5110
1315
8108
9898
5855
4142
7393
1438
3895
4971
6497
445
9713
4722
4004
842
7476
6163
2618
6275
6091
3248
6955
6000
4625
5707
48
2261
4712
3750
9181
6443
8035
6001
1822
9784
4439
2462
5383
4050
4453
2123
188
9137
2529
6874
4336
9478
9173
2599
2651
5464
1017
4783
1777
4185
3571
6496
3566
10094
6202
2491
7350
1172
5195
5313
4092
2057
9820
8306
7648
3621
9247
4403
8371
8828
3279
9715
5689
3495
147
2136
2932
5803
1227
7278
2703
3236
6944
4829
1575
332
5266
2708
7539
7753
753
2742
3463
3296
8214
1392
7949
672
4960
3324
943
4639
9832
9686
1177
2632
9746
1300
5963
4277
6533
2433
9147
8075
4688
9193
4013
8248
1150
7454
1974
2024
3606
4237
1511
5565
8723
5463
9004
2516
7202
3919
126
6151
2055
3872
6662
8364
3620
6074
6281
549
8784
5371
7732
9974
6463
414
4911
1845
3698
8020
1657
5713
5898
2083
7050
4297
2183
311
6710
9620
9438
9705
8757
3357
3680
6149
5225
2284
1656
3202
3138
3819
7902
5123
3609
1910
3866
2840
4300
3393
3204
10026
3207
8731
1987
4294
8292
4022
7498
3634
3438
2921
9176
7748
3730
8127
3164
4231
3743
5773
1804
1413
2150
2263
6642
5323
3917
9547
3028
939
924
1925
9809
7201
7119
3483
1285
4598
9354
1789
728
10045
6555
6937
8860
3191
5681
10137
8841
3664
2190
7851
8319
8445
4320
246
5700
5148
4682
8686
3208
531
652
8656
6518
328
9479
9498
639
1880
871
3278
3264
1850
8635
3119
3128
1708
2949
5034
8660
498
2103
5518
3108
9961
9687
8024
4542
313
1195
1018
5487
7740
8465
7774
9071
8701
9028
6510
5000
7658
7970
8061
8835
9418
1455
8974
482
5388
146
9019
10154
2701
8459
4956
1605
69
8082
765
5223
9412
4504
6375
6476
6325
7394
8608
5928
2682
8121
8971
2096
3914
9359
4292
5056
5092
1115
472
4801
7790
4997
8185
3745
3141
8269
8796
8314
896
5544
7750
1904
6919
7911
3782
7208
3644
5764
4847
6156
2613
2247
2967
9390
8397
7515
8669
3295
5973
6914
3231
388
5256
10001
7045
6409
5100
6712
5163
5521
6809
10194
6586
4906
7570
9307
9410
5949
3655
2966
4757
5375
600
8501
4033
2327
9877
2421
8623
7459
9251
3554
4588
7935
677
4583
2461
8654
225
567
8176
1796
4941
8513
7266
6345
1795
7414
4286
5852
5151
3997
1162
989
6573
3349
8821
8494
4217
462
3286
6317
4921
2477
2866
724
4692
8493
9356
9407
3135
5587
321
3767
702
3675
7130
8461
5562
9079
7315
8180
3468
2244
4002
663
36
3934
1454
3348
1182
5498
244
1566
10060
6292
5137
3176
1564
3042
1560
7406
7647
10020
3024
9011
302
4027
1279
6512
3402
2727
8787
8600
2922
5582
2769
6627
461
3106
8508
9673
8747
6793
2383
8196
9213
5415
366
8368
7826
8102
8576
5240
4072
3257
2899
8551
7931
7488
7555
2295
947
7619
3802
2100
6103
3697
4917
2178
4595
3710
7246
3952
733
1014
2623
2216
7447
8321
5656
6552
7317
9493
6945
6798
7172
6439
1902
4830
6934
9483
2185
6853
4797
6756
5320
4232
1872
5640
3555
2953
5964
8435
6679
5676
10238
1835
2364
3547
2135
3576
6649
3148
2994
2753
949
3455
2544
3129
2639
6477
7363
5181
5052
3939
1764
682
9908
2903
3263
2530
6038
3196
6082
6578
5541
9813
2048
9221
6606
1842
3408
7568
4802
7629
5641
6485
2492
5364
7016
7821
1458
5508
4528
3403
5099
4173
5344
8861
7678
4440
3190
1739
5031
1644
4047
6943
3210
1040
4427
2702
3584
9707
2890
5497
4430
9731
8553
5103
9308
7708
9549
2354
4038
9850
1434
3325
4032
5061
6830
2771
7339
1627
7512
2322
4306
106
1406
2726
7776
2548
2719
2224
3915
3147
1939
10089
7804
3163
6758
8980
10073
4401
3180
3091
6239
6408
1639
1827
2757
10210
7162
8682
2602
7204
4736
5996
2791
2181
2628
7887
5422
1576
9435
1449
450
2581
6363
7086
8975
3189
2006
3660
2022
1234
4478
5412
1751
1711
2097
6875
8250
8678
2748
1384
7933
1683
4645
8592
5168
7437
7041
131
5160
5214
2724
6879
4118
6160
6931
2325
8740
3499
861
2335
8544
2465
1335
2686
2578
986
2886
8506
771
9871
301
9967
1318
5708
7671
1885
1184
2195
6844
409
1378
1620
8467
7327
2236
9969
1518
7349
2654
7853
2312
1467
6936
5532
6421
5112
7034
1139
10205
1236
683
6225
797
9811
5455
8283
5536
577
1159
35
1049
9649
6034
3097
9463
8534
2235
4952
2386
2466
1112
12
796
501
6358
237
3713
1636
6027
9026
9365
6876
1068
1598
898
8897
4983
5984
3377
5564
7700
1853
1551
8811
6755
4999
701
8191
9852
9361
725
2948
8496
7573
4298
1549
331
7101
1211
9334
2917
108
5528
4805
6739
9954
9319
6979
6391
5823
9861
9151
1994
2478
5298
4725
904
4976
4243
6492
7533
6997
406
3058
8443
5512
9938
7811
5118
9090
9665
9664
9383
4057
734
4452
8954
9450
7444
4234
3752
1647
4895
7712
1632
5117
8245
7462
1153
9505
719
5725
8447
7137
4806
9503
6434
9339
7794
6881
7822
6304
4544
6102
7939
873
7281
7702
1938
7696
4875
4018
6623
2431
7527
2166
5728
4081
5264
3596
2856
7238
2881
6823
4636
815
4893
6353
3411
6426
5143
4404
1957
9823
1887
127
1856
3415
1752
9116
4025
6382
3121
730
3831
4855
1079
4810
1385
1603
7230
2194
1224
3816
1704
7099
6667
8761
9985
3026
5260
6070
1232
1027
10237
6189
114
5128
6365
5724
2286
1007
2116
4666
1358
9495
3510
886
5535
743
4894
9346
8611
814
2094
1155
718
2821
8931
6459
9791
3980
10158
6470
7924
817
294
4399
9248
7105
9197
4843
6072
3548
1761
7274
4166
603
932
7093
8594
5805
4769
4594
10131
3534
1886
7540
1487
3882
1550
6180
7868
515
9764
10078
3511
4006
6188
6596
3063
1590
1712
3591
5278
10038
8446
8868
2996
8715
9569
557
9336
8462
4597
6158
3314
8588
9502
676
5882
8173
9255
9300
5575
1513
2566
9835
8071
8552
4319
3887
5444
4947
1361
7200
1160
637
7915
2416
2933
9269
3880
6913
6245
6230
1253
9295
4413
6594
9217
2177
5743
927
2363
3987
5406
7950
601
7103
4864
10071
1858
9452
1964
8334
6083
8587
7463
3450
4551
2276
8655
6194
3226
5915
2910
8480
7303
9205
7434
2524
7316
5467
4838
1807
8713
4387
7229
2111
8138
6105
5023
2191
5925
1196
7326
3946
8122
1903
2231
1718
8329
5859
5829
7314
7792
2855
217
375
1685
10161
1532
6022
2499
1163
8813
3039
10051
6716
7141
6509
5593
4520
5794
3772
4845
4342
1299
5238
3580
1382
9925
919
4412
2894
5410
3184
4572
1667
9641
1320
9672
5563
9153
5476
4135
915
6727
9882
9695
5576
6911
3053
2207
870
8857
2073
8055
858
6253
8617
583
4948
9469
2072
4837
9585
9381
3334
3032
711
5605
4458
3764
8958
1291
10127
620
5108
4074
1676
5033
7607
2810
614
9129
10132
9043
9061
9199
9141
6301
5354
8758
9899
6543
129
7478
42
811
2913
630
10135
8985
8673
6168
93
5152
2939
5884
8746
10056
5547
2560
8079
8246
4784
7636
9777
6150
10009
9786
3385
74
9997
5135
2684
8273
7564
2229
884
9847
8940
1774
9120
7928
901
7206
7136
5039
7578
2429
8253
7311
6648
8076
8705
9093
8668
6508
8043
3986
3843
6899
7852
6195
10192
2457
308
1470
5095
3333
8917
7829
7704
3731
5252
7427
3319
68
6811
7493
7384
7726
8149
6331
3297
715
163
9760
7535
1927
6461
7547
5980
5663
3197
5005
8140
5132
4793
6709
7411
1519
8603
5057
7335
2023
7151
7867
384
8855
8676
6344
1390
8021
5757
4758
8562
10098
2004
4316
1547
708
7030
7388
6949
5553
2175
7010
5616
7642
3593
6553
6600
7182
2218
7275
5894
1941
3958
7148
4211
10120
7457
6720
8336
56
5015
1862
4667
3015
1328
6319
4723
6861
2694
3435
6963
556
4651
5806
1364
6592
6350
6545
6176
4853
3372
9799
4819
465
3339
9261
5350
3736
3057
1197
10079
149
5065
5393
4683
963
6918
5625
1911
2722
3883
8585
9787
7213
3525
3873
9698
3177
9996
4876
5054
3048
7131
9110
7270
3806
4196
8158
9608
4523
5340
6316
3292
935
2197
2349
1824
4116
1805
8453
5904
493
2978
8582
2536
7321
9379
4103
1932
5610
3755
4535
4111
5295
9349
7731
3492
10207
739
4241
4206
8381
2013
9699
2741
3972
5114
996
6229
4455
4200
3379
4904
9543
6018
4152
91
8313
2895
2693
2039
2986
5837
1628
6393
1491
1531
3126
2125
9372
2099
9533
1991
2482
9719
1493
3134
1346
8008
5113
1325
5636
2435
4254
9568
1969
859
1888
9592
5453
1791
845
2790
5361
5219
9422
489
4391
1249
5766
7860
4896
4120
1457
3089
218
9395
1241
4168
1233
4986
1981
8737
1242
9005
2814
1142
3768
1135
8340
7784
487
6244
9920
4677
10042
2768
317
276
7035
899
1330
7277
2839
9870
9222
7192
5645
3811
7957
9550
9118
6605
176
2807
456
7409
7590
849
360
459
6962
6342
5093
7060
2248
10069
535
2676
4908
6527
1096
2653
9350
2697
4820
2905
9762
4767
2752
6502
4426
10102
4596
8894
9830
9944
5599
1996
4233
9660
5519
7855
9669
7177
5347
3381
10074
9619
1198
7054
4133
7383
9526
2251
4644
5843
9518
818
2045
4056
8829
2517
2226
9697
4714
589
9018
9807
8525
4036
2546
7549
2883
5509
5628
8689
6863
4604
8982
4468
1900
9224
10099
8543
5161
9338
3624
6513
7020
2614
7345
6155
8756
1565
2956
3291
2049
10138
8257
4370
1963
7106
8294
6748
325
1479
8350
4046
4660
3947
8204
5142
8117
5176
9918
4087
3669
9458
4112
8053
2409
8700
2620
3828
7214
5914
9159
190
5959
9625
6346
1569
7479
1684
8015
4346
8001
2589
6791
7810
6332
1025
4608
1542
9341
5116
4476
1759
7583
3517
6255
5557
555
6570
7554
6821
5560
6728
4562
8205
3530
1387
6951
2507
5465
7304
6057
79
3885
5732
7431
4933
5584
6668
6729
10057
5942
6116
6494
4215
7155
7597
4088
5084
9740
4378
7152
712
9513
4521
3991
10090
5937
2450
3476
1342
6290
7124
6719
1527
2597
5841
3099
6021
6591
1999
355
3747
2476
3964
2227
4937
9685
4062
5372
3746
2101
230
475
1785
3407
7083
2046
1935
4167
8760
2240
578
6098
4331
2119
1069
2106
9477
8898
6030
7029
8893
6841
4732
5905
1734
8532
252
1707
3035
1693
810
1754
9429
6233
3044
8879
6435
3686
172
381
5824
745
8380
4910
8876
1829
1901
6855
6052
510
2745
5682
4130
8586
3433
1462
1039
8051
1840
4527
6173
7637
8277
1465
6731
2610
9302
5675
8597
2315
1686
1782
5923
2275
2091
3473
7328
8904
1203
4515
6827
6932
7509
9277
5480
2567
7147
6525
169
731
2154
2159
7714
5390
4052
9327
592
799
4606
8661
766
3913
6559
8823
124
6238
8258
3693
7399
7180
714
8022
7848
122
5985
6066
2398
470
3601
7889
7799
179
6025
5438
4260
9576
7927
4397
2643
4295
7683
657
8490
5856
2647
6970
636
5602
9328
4581
3398
1324
4089
8236
5333
408
6099
9081
6209
170
4839
3174
5351
8300
4903
1735
2371
6324
5079
1122
10195
5247
751
352
3582
3025
2721
4710
10176
39
710
3505
9627
4788
8066
3268
9989
1937
10198
2767
9651
9931
4575
8295
9415
2812
1323
8621
8255
3586
3094
6588
8872
3239
181
6104
8720
9097
1978
4203
8126
2705
3192
4495
6019
5995
2786
7833
9960
3529
3352
1758
9924
7626
1472
8591
8286
2709
1215
8345
5975
4781
1942
9839
7235
4874
4655
8520
959
1407
7969
173
1030
4531
1769
2396
3556
7249
2206
3096
1653
8797
1041
478
6265
5198
3276
394
2000
1221
10223
6579
7250
9827
8183
1178
2338
4768
4609
7634
167
2280
9901
9163
8442
499
9923
5478
7307
235
241
16
8422
2303
7693
7185
6111
7736
7497
2214
7081
37
4541
4972
6714
8019
6792
2831
6491
3005
9803
1476
8110
5572
6872
5866
4518
5144
686
9728
6590
8871
208
5486
7436
160
4565
4239
2113
9910
2833
1719
4333
1120
9968
9240
9633
4122
9639
6593
6445
1649
3805
8809
1206
9049
9601
7682
4867
2803
351
5191
8399
6223
8687
7018
6910
5687
698
9577
6442
2395
8470
4164
6826
5447
9305
1201
3940
5125
7772
1633
2182
5672
9879
1402
7640
3689
618
6215
3656
5284
4841
8622
4871
5368
9587
750
9003
5367
1891
3625
918
8824
10087
9413
5345
1821
4010
10169
9292
4222
3361
8777
9571
5075
5201
2408
1152
3733
9214
10096
6774
661
9646
4989
8579
9168
1146
373
2909
96
4144
4317
1982
9400
2820
3851
3306
8032
335
7895
3974
8951
6312
3274
9983
4612
4680
3544
9326
334
2718
8780
1076
7193
9451
2112
8632
2774
8820
2585
517
632
121
7710
6686
9311
5087
8412
2169
7958
6009
1860
7587
8555
6783
8441
8593
4627
7534
2965
7664
8773
1802
4873
7491
6580
6280
1771
8003
6732
8575
9423
7352
7387
6615
5749
4251
7653
4949
5366
3643
6109
6810
1696
1208
5699
6750
4249
8457
2160
1710
8512
6252
3198
1306
5255
4288
4201
3216
8870
1339
1498
7572
8106
9245
647
7116
6394
1433
4602
2344
4339
8393
4584
6935
433
5946
3069
6938
6157
7954
3788
1958
4869
8384
4096
8765
3316
6802
5197
5611
7129
5448
192
8545
9291
3143
2336
329
5603
10200
542
4307
840
6723
2140
6423
9670
5146
5204
4290
8089
5248
1737
5683
3419
3653
1032
6638
2862
4392
4704
63
9690
4702
779
8922
3439
8500
4386
6865
239
8062
5379
4354
4040
876
4303
6622
7665
2648
6939
3458
1181
8098
8764
6838
5269
2306
3428
2087
962
2679
6388
2637
2061
228
696
1740
5847
2402
1612
1806
5002
2451
2320
9812
6181
2146
4891
5709
4888
4280
2495
1660
4371
689
6386
1716
3659
1252
649
9790
3273
4315
3951
4603
4865
908
8858
2246
393
3995
6107
1331
590
4409
9119
1678
3629
8013
8929
2063
3935
685
7063
561
1742
3429
3169
8270
1646
6327
9677
14
3
4543
1492
7179
835
3791
3918
1702
692
545
9928
2897
7717
9514
9142
852
1701
4097
2797
4372
8950
7565
2430
10221
3083
6639
8317
3260
9145
2210
2202
9243
4715
392
1129
9551
7894
2723
9883
8479
2030
9009
6240
8208
2025
4646
4497
1501
798
4761
6372
1065
783
691
864
3526
6046
2591
8154
3904
1456
2360
226
1415
7503
3405
371
1975
560
8471
155
1919
1831
1404
5776
1985
6333
8218
1085
1288
318
6020
10126
6619
9770
8150
6400
834
9212
295
6314
9380
6597
3075
5979
7283
144
928
8343
2760
9056
232
8657
5966
9589
2215
8602
5462
3494
6584
9963
6306
354
1059
1475
8406
8271
2447
4775
7675
6380
8826
4179
3702
7765
7666
9679
436
2208
9021
10145
6340
4831
3288
7841
6474
8891
8139
10146
7220
9281
3604
2973
8526
8275
8178
8558
931
3443
7416
8322
6221
3516
6587
951
3238
7816
1329
8186
9903
9907
3790
6782
4585
2884
5440
7806
9975
5227
9289
3869
8948
3318
7559
6890
8529
7786
8964
2532
8394
2652
4271
4965
2805
4701
8195
4823
6759
8231
3496
2059
4230
3955
7524
2285
4912
4550
4643
10114
10130
3151
1292
3235
9683
790
9876
878
7365
1745
9614
7865
6657
1451
7518
3229
3878
2904
2042
2474
9752
5531
6621
3857
2642
4389
9987
658
5245
1521
9446
2860
140
9449
2233
8355
5613
520
9428
9691
6894
891
136
920
4979
7452
6119
9031
9080
7417
2782
4034
7195
2674
10100
2656
883
6032
5262
5534
6126
671
8802
2417
9959
9851
7764
7472
3214
6501
7423
3036
4641
4244
2509
8559
4648
6820
5307
8672
1933
6564
101
2328
5865
7396
2467
7914
5063
5614
1386
7422
705
6374
6003
5830
1546
5001
8991
9583
5664
7973
668
591
5470
9158
377
4630
4848
9710
6441
5384
6788
7972
4708
5747
4481
1281
6192
5149
3651
4212
6257
4615
8472
9739
2212
5014
5452
7926
1336
1134
3358
8141
5012
980
1508
5485
111
7645
9500
2211
4953
9008
73
1396
1545
9297
5702
4665
3427
822
3855
4737
1002
2577
3722
8155
8568
6526
10144
2051
3055
3305
2764
3667
7473
6751
5059
1722
5948
720
7900
2068
3081
7998
6611
5185
5336
8260
699
3445
5746
2987
2345
10091
7610
4161
6516
9352
7775
1770
4700
3540
8628
7746
6873
6883
9121
2455
6063
3201
7681
1659
9376
6315
1067
6867
1743
7849
5986
9612
9203
5818
10015
8667
2131
5449
2480
17
7661
3321
868
8750
4437
4060
9564
2624
1275
8567
7944
1168
7048
9720
877
9824
6999
562
9840
1813
7504
10203
6882
8164
9345
212
8633
6185
9420
1926
4836
9863
6551
7566
6985
5896
3442
1662
9681
8933
8873
3343
197
9323
8814
8573
8458
5801
1778
8428
8301
1909
7961
8276
5559
6989
8815
8318
6877
4818
1063
6291
6852
3585
8068
5524
4400
7078
4388
6768
357
8116
1354
1890
7830
3639
31
1486
6975
5387
3999
5583
6024
5788
3008
6884
4957
1243
5324
5297
10008
5961
6776
2281
1714
6412
5199
4153
5006
8842
942
6721
2710
3436
4522
1453
1841
867
1388
5217
2655
3071
1753
1577
500
955
4442
2165
254
8171
1012
784
9396
8118
5027
6200
5940
7980
7209
940
9819
9146
5646
5395
8851
6141
8436
7844
6843
2837
8376
9457
6060
5970
5104
5426
6503
2663
7133
8327
674
4549
5424
4600
10049
4356
2611
757
5226
4379
6127
7757
4218
3834
9387
9160
5008
3785
3064
2293
4992
488
9573
6355
2900
2014
10157
1102
1087
7254
4800
2772
6322
1254
1766
6008
5838
9965
2600
8721
4059
2885
2425
8134
7982
2551
92
4852
2265
3943
1161
3102
1136
4157
5665
2675
8424
1183
4690
59
3960
7435
4433
9397
9732
2321
1471
2985
7947
1033
4555
7371
7424
9793
7271
3384
4308
8136
4498
324
3717
3658
3342
3840
1688
3310
1871
1422
8952
650
3524
3285
2750
6652
1505
5758
541
2007
1377
544
1256
9801
287
1312
5129
7728
7542
6682
100
1260
5330
9515
7709
7481
3618
10128
3152
7412
435
8450
3040
2381
1412
2340
2198
8048
2124
566
9579
7673
4486
8342
9582
242
6218
265
9014
7896
9978
2287
9487
5275
9006
9889
9806
7538
8942
9165
5501
3313
7251
4900
4227
10173
1810
5504
8006
2763
7552
5261
512
2549
2309
8643
2870
5224
984
8430
231
9892
2302
9348
7656
4462
533
1319
7906
7348
7207
1554
8374
5119
10231
6984
7312
1992
1553
4459
7448
995
3759
7951
10104
1874
9914
9174
7456
1488
9309
3545
5566
8649
9115
389
6144
6813
1483
662
8987
8011
6954
8945
1418
4851
8884
7123
3501
7791
6114
4352
2826
8846
1088
5051
219
2783
5612
10059
8838
4137
344
2142
7247
5460
2525
1375
9466
8709
3977
262
3833
830
1852
3461
3087
1376
7376
2832
6941
7153
3801
694
6113
1037
2422
6411
6368
5660
3131
7468
1578
623
5933
11
5745
6534
10133
5854
7036
2439
5755
3023
5574
5147
5016
4517
4457
4483
5066
10165
8347
4879
3922
4975
933
7763
3682
6880
9988
1945
4601
969
3153
7429
5437
10151
1278
729
5688
3356
2971
1363
7226
6887
7827
2313
6073
10122
315
4969
9930
8706
10152
4499
9933
8584
1010
9565
8346
3233
6660
9036
4348
8581
270
6982
2050
9063
4456
4749
3215
9895
7532
6870
8489
6741
5475
5106
5193
740
4214
5026
4901
2842
4944
9046
7624
3565
2828
800
8303
2252
1738
2012
8261
370
846
1060
8440
10171
7514
3685
9076
6839
6609
206
4314
9624
7942
7397
5998
158
7428
1314
5669
4344
49
6118
546
417
4393
3961
6242
9578
6632
6481
5736
3224
7430
5659
9052
6490
6177
7691
4796
5785
8895
5597
3837
6620
5230
2960
8366
4951
2646
4566
8230
4365
956
4283
8009
6198
3574
8977
2180
2075
3630
2850
619
6964
4420
7921
755
8387
337
4564
4270
6506
3059
7879
9225
10202
6422
10170
9150
1019
4213
1908
5993
9611
5206
2743
7695
1634
9368
7880
2317
5527
1515
950
3406
2203
7167
1277
1389
9288
9310
3391
7499
825
9106
6469
3203
8084
8519
5618
7562
721
8788
9236
678
2761
613
5920
706
2729
8499
8956
240
1593
3899
46
1179
4519
2115
245
9994
2906
8031
8222
1446
8844
9644
826
2858
5834
9781
7655
7500
7450
5737
7983
8305
7296
4798
9984
7166
10110
3708
9539
2558
3780
8410
8659
6420
5781
7094
10164
3315
8981
5386
6952
4859
6845
5631
3010
7756
7037
6851
5989
6676
86
5053
6498
152
1424
7721
7334
5373
9737
4470
9344
9114
7190
9433
6947
7469
5876
2664
6950
8736
4098
7144
4267
1276
8658
9622
3856
2388
4466
6514
5022
4383
8242
6902
4053
6816
3927
6402
5407
4662
8889
3337
6828
3485
9152
5991
4014
3982
4425
4272
6687
8050
8229
4488
1741
3103
1706
1896
7114
5735
4862
9403
513
8357
975
5105
3539
707
653
3776
8168
3401
2712
3146
537
2976
5570
4238
3523
1552
6701
1537
4633
2490
2271
6288
8865
6011
3371
7357
2627
3452
1968
530
359
10
1093
2418
9194
2329
4163
5817
2323
2258
8145
3979
1046
4020
5691
3942
1264
7344
2230
6927
1875
7398
4381
3925
3723
527
4151
1295
1801
6833
319
2746
2332
9210
762
6415
1431
6699
5338
3867
5322
1158
8533
1268
6956
130
1584
6122
10016
41
4617
6929
3822
4982
9057
6640
5552
7183
297
6232
1226
9977
4019
7635
9751
8267
9059
6948
6835
1611
6681
6892
7929
3920
4322
8759
3179
296
4045
9637
3744
7005
5556
9635
8652
3760
2032
4621
2505
9144
2773
6860
9233
4202
4431
2410
1400
9138
2667
7873
2460
6531
9378
6165
1736
4629
6065
3797
7331
1214
5021
4155
3380
6980
4870
2121
2326
3996
4576
9950
3632
2843
1907
3628
1441
3074
1618
9706
5804
8078
1263
7840
2944
3681
4198
4076
1248
3016
2380
1118
8466
9590
2857
1056
3705
2879
6700
8536
897
8014
1808
2445
9881
2498
3437
4966
821
8444
5879
4068
8454
1116
1928
2735
2414
8335
182
4044
2564
1540
5432
574
5428
85
1793
7189
75
3441
5352
233
2084
9556
581
8629
4684
7071
7340
6406
4416
9817
1247
5622
6214
2522
5074
9274
3876
7815
4119
6307
9558
2677
1709
1057
6641
8745
7068
8716
5259
3265
1889
5819
220
5916
8411
1130
10196
6790
5024
1873
9936
1348
9416
9131
6125
8578
4110
6085
7716
974
552
9597
7668
473
4467
9091
4815
3936
7627
8237
8953
3375
4694
2262
9919
5657
7632
3338
8278
717
1399
5381
8770
1480
9432
7952
7907
5009
7132
563
7402
1185
9800
3901
6912
143
8495
8073
3871
6134
6946
3846
7981
9037
8937
9714
9771
2969
6451
9270
5901
9227
5606
8477
8235
651
2369
5957
5542
9139
5055
6923
5003
9111
2008
9301
7971
3605
8887
1953
9077
4526
6471
9001
1931
8799
7588
2357
4616
7805
7936
1189
4785
8916
2367
4329
621
5403
6889
7403
1859
2695
4590
1695
6834
2163
3906
1687
1097
256
6725
348
4048
1006
8845
2942
7289
166
944
9942
137
847
8732
10097
4964
4402
8523
3862
6166
7558
7150
6917
3589
938
6036
13
288
9263
4990
3570
4015
754
3704
1490
4925
8104
6576
98
87
4337
9602
6392
2626
3414
1001
6390
7379
4000
8090
9976
5171
1322
8209
2926
900
2621
802
1960
813
7370
7520
283
1732
6829
738
3970
5294
10072
5809
1648
7011
5010
9626
5414
595
5585
7783
9211
3853
1091
4913
4647
1240
10226
4799
9554
8625
805
8614
6589
3092
8034
5139
4318
9337
7605
4375
2795
4262
8272
6569
4171
2588
4136
7056
3389
2689
426
7405
3114
8086
3787
2692
1892
3753
6541
2085
8087
6659
1031
2822
6433
2592
4731
1645
5666
1989
1949
5567
1308
1105
528
832
5413
9534
5594
156
9745
8456
5466
8067
9688
4824
5250
3567
7984
2916
7898
8795
2630
4193
3683
2217
1725
4652
3320
3695
10129
8131
3033
1349
4064
7391
3159
3370
1893
10031
3156
6016
3983
3491
1015
10109
1171
4760
9657
2882
342
3012
4753
4417
2382
1881
227
184
128
33
3341
3218
25
2979
258
9104
2889
1448
2130
1496
10189
3854
4411
110
2040
3056
3898
7373
9294
1665
9509
1654
9766
285
6040
7108
9228
8790
6143
10014
10186
6735
5821
8606
1555
7930
9567
3949
3484
9058
7807
1525
8448
6702
3000
9615
3258
4902
7126
5327
1338
5343
9437
1625
2989
9351
7846
437
3774
3550
998
982
8058
210
1951
3172
9402
7620
6278
4909
8882
8219
7596
1372
3956
3896
7460
1289
6775
2483
4042
5231
3792
2126
2765
6607
749
934
1108
2268
2645
97
2434
6094
139
2221
4394
8379
6078
1440
10229
4156
7630
4178
804
3364
53
524
9235
2471
6087
2138
9208
2310
374
10208
9189
2272
2671
8848
8947
8190
8097
1301
7486
9285
605
8152
7582
6354
7904
9563
2256
7471
6717
9520
7544
5716
5546
8699
5292
5041
5312
8128
2387
4928
4085
6037
625
2316
4165
5729
236
1149
7225
773
7165
243
2961
5311
78
5007
2930
4128
9865
6410
2555
9362
4878
9778
2929
8934
2176
8926
5019
8124
9252
894
1879
1035
6384
4673
8866
716
8620
3410
5769
9244
7279
1580
5445
4374
8323
8288
4252
386
8636
4003
5909
519
3821
8211
627
4138
7638
3400
2849
8005
2931
809
1530
508
6528
547
1099
6857
10212
7004
9386
10168
260
7227
6367
5436
7233
4771
9425
4750
6848
6095
1473
6378
3261
1166
4107
9095
536
6129
5796
5220
7850
2868
3784
7808
6220
5115
6822
5408
4220
1775
6258
5685
5172
4207
1895
6154
2337
4711
4266
1915
4475
2980
4184
1833
3771
1631
3875
8618
3230
1202
9156
1638
7594
8028
3067
8085
7875
1414
4776
7382
863
827
10076
759
7187
9467
7079
5634
1235
6904
1834
8976
4967
5140
8836
8833
3839
3891
5987
3360
8801
5726
869
3200
4614
8403
10187
9711
8266
6598
10163
4579
4228
2608
5442
6161
9648
690
2454
9725
5944
9358
7337
5626
8115
5038
3687
1204
4854
3448
9257
3222
2999
333
2685
1776
9125
2356
1145
7026
911
913
8735
6554
7703
7008
6438
6603
4705
6014
3847
7385
3557
2088
5363
5102
3281
4127
4421
3726
6336
2728
1655
5457
3739
5919
4104
5733
1180
9906
5581
7773
4846
8198
7268
7863
4148
7098
7282
6511
6297
3863
4472
3657
8834
2970
6885
2788
1591
6815
6478
9986
2413
3124
1357
6010
9857
8561
2407
2541
6536
5592
9488
9132
1094
9322
1347
5254
1381
7779
905
3394
7028
2017
6429
987
5637
4954
5430
3531
6457
1212
3275
8932
6279
3149
5607
3592
1098
4996
9107
3779
347
5339
3430
8583
273
1650
8081
8692
8626
7781
2394
2301
1298
4229
194
2740
8125
216
9355
2232
7107
8027
1837
7033
7021
8547
3561
6888
1585
2678
5827
7617
432
977
4766
7052
4273
816
3283
4905
3125
3072
1356
10182
770
9472
4634
9645
4454
622
7962
425
9391
5348
177
7891
8749
5317
4115
8473
4592
7690
2406
4561
3611
3852
2234
1817
2200
1717
2067
10039
9474
9393
7631
8959
5880
6740
3130
5127
2691
4540
1293
2470
829
1401
9776
10027
9510
9561
8330
8464
8224
5356
7483
6859
5953
1621
3749
5548
2250
4981
4850
1692
4192
643
3560
418
9981
3006
5058
1976
4877
1797
9723
906
9092
828
9010
8908
6572
3595
3367
3140
2789
2586
1640
1595
1543
400
3120
2189
8010
7599
6330
5722
5647
3613
3344
9674
7742
5658
1524
10036
6920
5126
3469
2472
10092
9775
7290
7263
4559
4406
2389
540
159
7309
1730
1148
1042
