8645
9884
7724
9552
9216
8992
10116
10235
10033
10183
10063
9557
8631
1815
9794
10156
9891
9708
9575
10046
10113
10239
4751
6289
9096
10017
9317
10108
10147
9730
9506
5999
9656
7934
8421
8831
10005
9765
10064
7205
9788
10232
9013
7237
9905
9753
9374
10082
9922
9130
10047
8287
10177
10043
9990
10066
10081
10041
6933
9572
9609
5878
8105
9979
8666
10053
10197
8415
8560
6583
9105
9112
9913
10029
7175
8968
9496
8697
6674
5941
9689
9721
5697
9512
9932
6359
8840
3654
8069
9304
8595
10028
9869
5768
6329
1207
6352
8914
8883
6724
8548
9875
8184
6430
9190
9459
9541
7797
2571
4632
10024
6068
2940
8693
8522
10013
10167
5212
8753
8640
9546
4469
3518
6006
9455
9654
9783
9864
8315
1223
10178
148
5739
4506
8601
5822
3568
157
6210
8339
9853
9946
8100
4106
8449
8251
9398
9878
7070
9088
9086
9373
8252
3908
9545
9769
8521
851
7170
7858
5409
5396
26
6026
8557
8227
9332
9754
3642
8232
8147
8344
9834
8092
7803
9360
361
4832
9524
5429
8174
5017
5871
1768
9966
9016
2542
471
6602
9703
2575
7404
7646
6799
9035
9780
9441
9264
9321
9067
6924
7313
1238
9980
8810
15
521
8900
4554
8798
7908
1369
9440
2117
1604
5450
6734
8803
9742
4444
9325
6988
7355
6582
8170
8843
6387
5331
8135
2010
9202
6560
3945
8238
9712
9584
8416
10105
7825
10061
5332
9890
6447
7990
1086
8383
9219
6517
6529
2952
5189
8095
7243
6347
9085
8572
9650
9902
7698
8160
6264
8627
9671
9643
8997
9283
145
5943
5111
5561
6120
7260
7745
7458
3719
7446
7769
304
3330
7978
6990
6205
9054
8265
4289
5931
1269
8604
7701
2657
5718
9661
9460
1581
5258
7059
9182
10233
681
8223
9702
6269
1626
5253
7723
9527
5308
978
10030
6940
8114
4919
5767
6778
9659
9033
7333
3488
3796
5701
2593
2993
8550
8332
7730
2937
1341
9860
4693
4794
5950
6339
6636
8088
4169
7496
9756
6730
3564
5642
5580
9598
9025
6617
2458
8451
3633
1282
5145
6612
2192
5738
458
438
8902
9617
6670
4538
7543
103
3095
7644
5042
8132
9588
4817
6546
8986
8059
7418
8438
1643
10019
1579
10184
5517
6298
5690
4959
2704
5376
6499
440
9749
3018
4779
6179
8308
9239
1921
3778
9303
7965
2288
659
9040
7440
4789
8970
8918
9431
9941
9814
8302
7173
9808
4524
4654
4574
6309
4309
6015
8616
3508
7987
9634
2350
9178
7707
5761
7319
6971
9480
704
9971
8792
5097
518
4755
5910
9044
3721
860
5385
3512
8420
6124
7857
7618
6780
4276
7487
9124
2016
2436
7228
7171
5751
4382
5629
7302
8113
8817
1832
3136
8778
6961
3497
642
7856
6630
7995
2801
5473
9098
9377
3388
6385
5291
199
7194
5530
9680
6886
7395
5684
7438
4929
9855
6108
2634
8599
6199
9926
8469
7386
5917
2877
3132
5187
9084
8944
7674
8049
593
7787
3322
6666
4924
6128
4083
5814
2972
9599
4259
1803
4844
5073
7264
3019
7576
8574
5433
6547
8711
9065
9273
7358
791
5571
3247
5490
3362
9473
3820
4998
8856
2278
6184
4733
7142
5081
9523
7257
4742
2911
9060
8527
5369
7837
4077
4235
421
6031
7232
1055
7510
8804
4031
1906
6266
3662
4734
10044
7149
7332
3272
8004
2787
4094
5341
9628
7215
9375
7389
9041
8491
1272
4434
5235
282
3688
8972
8941
9404
5236
1836
3563
353
6818
9087
8039
5441
10032
10106
4436
785
2254
3948
9595
6665
8365
7043
9032
4889
3817
9012
7413
3378
7381
1509
8909
3449
3145
4284
2082
2811
1005
9603
1857
9501
7122
6626
8331
6987
4435
1261
3734
8123
2968
7253
9917
9024
3170
80
7442
7817
5233
2552
580
6763
8786
4065
1567
2808
6959
568
7169
1343
8485
8225
669
5978
3219
8924
8243
9064
3068
8377
8867
8452
444
2777
7072
3962
1965
843
9331
10095
9039
415
4479
9191
7747
460
8995
2687
8910
3703
9405
6992
8172
6765
6856
3240
6646
5969
412
9773
3259
10101
8925
7622
1073
2680
2438
9155
6235
6196
6548
3640
363
4101
8407
8766
8762
8417
772
587
2506
1409
4335
7918
6566
3627
2027
2847
1966
9574
5763
6928
3897
7575
9315
2485
8193
8642
1053
8518
3037
6169
6908
10083
7893
8886
6695
390
9535
1629
5778
2449
7912
6540
2893
2914
345
7940
7667
6183
8517
1561
5692
7680
8569
9605
4145
2225
5712
8691
2331
6222
5596
6842
6766
6450
3864
8853
6048
1427
8863
1731
8455
7659
193
2468
9389
7298
178
8927
1851
4618
8507
7310
430
134
8702
6431
1303
5885
2093
8460
3910
8474
6178
844
6086
8437
7649
1746
3213
1680
8839
8530
7761
6351
7870
1250
6691
854
133
5529
6089
1443
8361
8402
742
7022
1311
5296
65
8994
1095
8827
24
4361
2908
8570
7420
7135
9945
5520
5907
1213
7216
6428
8167
4158
3861
4093
8389
8358
9604
4536
6162
7073
5382
8468
5934
454
6467
1194
2342
6276
5677
7854
5638
7255
2834
4907
6080
654
5472
8284
3212
4275
7782
8241
8710
857
399
7006
4364
7158
6371
4240
8486
6849
1217
5315
9492
9015
2848
7245
8045
3674
2864
8263
786
3417
2919
5551
8352
5349
6448
5816
8744
1383
2936
6101
1694
6807
2122
611
5288
5305
2399
2609
5205
6191
4881
8056
9560
5791
1132
5890
2665
525
8094
7080
3168
2424
5272
4880
4898
4154
2090
7901
8007
7869
1699
8516
8935
6092
483
5573
5543
7077
576
427
3481
9848
4640
4650
8166
4041
2144
8960
7888
9528
7188
4637
410
4679
7986
8425
1967
4577
7505
8890
5494
4395
6969
3741
3154
4772
8037
150
4353
7881
5670
4939
2918
6577
3844
2528
1912
5491
9409
1794
9818
3165
8215
4884
3187
4491
6926
8367
10191
8921
3088
1316
3532
7082
9842
3921
9912
4195
7909
7531
7051
1962
7802
6413
5265
4510
2700
2713
1103
3225
2411
3432
7477
10166
6866
10236
612
3941
4563
4657
5150
4291
322
9231
9266
1403
597
3803
6407
7752
646
6808
3599
7433
7876
9911
383
3051
6753
7842
3827
6764
67
4067
2401
4450
8805
2403
9761
2640
6784
9700
3478
2964
7336
4180
1304
7516
5889
8054
875
3346
7715
4763
6749
3786
5872
4856
8194
3676
185
3498
8290
5604
5968
9417
6364
3482
7241
1393
9838
8432
3300
2873
104
7812
2737
7874
2580
3487
5173
3416
6705
2754
4611
2715
9406
6722
2561
1365
7203
9743
6905
6539
5792
3732
99
4709
9436
464
7885
7684
2707
8684
8130
2617
6696
909
1839
1138
7097
2698
9497
4189
2270
8201
2127
5623
3020
3890
2464
5243
7484
7720
2649
8646
9347
550
2184
7090
824
2813
3616
0
6694
6417
6675
2299
2018
4265
1128
8077
1411
4620
8328
6671
9481
5335
1592
6093
7075
7426
2569
551
3577
2105
862
6637
7377
1956
8307
6550
4765
8044
8012
5222
936
7577
4512
2307
2015
7038
2521
9485
3519
2174
3538
4073
6581
7953
3328
5868
1081
9856
8206
4811
8637
5133
6858
2324
5239
278
3454
1123
8989
1499
9343
5771
5232
2479
3404
5085
9430
3424
6556
8111
3503
9260
1321
6769
7294
2267
7584
4508
3637
3062
1870
838
5698
774
7641
2052
9204
9955
2446
7941
7574
8293
6733
6455
1026
8247
6504
7453
1111
9885
2923
2158
9102
4696
2731
8733
7258
7977
1899
1101
9045
4021
8639
6711
1986
4490
8864
6440
9854
3451
7044
4808
5318
8540
9953
4190
8528
2071
7154
1950
7168
6692
882
9099
2157
3912
866
8341
8531
1883
8791
7612
7197
6381
4589
446
9927
741
3536
8877
6663
6308
1016
7925
1849
2377
8187
5759
3323
7866
9829
6563
1075
6909
8776
6153
8401
6286
6742
6958
2982
9796
479
6655
4134
9238
806
1173
7996
229
5270
8107
3902
3118
7711
5267
3150
6148
1071
5918
8515
10201
6520
6284
8297
6231
7945
7823
6515
6285
945
5459
3607
9385
3084
6268
3804
5795
1028
3763
6489
9128
5522
5036
7652
6247
1993
2806
8613
3027
8065
9958
7862
6131
1984
7979
441
9007
2053
2878
4764
3602
7948
326
142
7492
6475
5790
999
9998
2616
5164
5990
10180
6452
8239
5972
2556
6203
1371
7819
7692
2245
7212
5586
3612
7910
709
4141
4635
9562
10007
7480
7287
6449
7960
4994
7007
89
1767
8036
2145
9993
9693
7356
8537
4825
5025
6343
6077
7780
3077
6628
18
2110
2086
7793
5811
9872
6967
1661
5952
4918
6135
5789
9655
5800
6123
5049
2041
7676
6302
9658
4916
4747
9094
5864
703
7095
7234
6377
1533
3107
1340
6300
6211
6201
7625
6071
6042
6064
7439
1838
4489
3209
5420
5772
8502
6061
5832
4511
1602
8849
7579
5756
9050
6053
6256
5507
1078
7589
6689
1682
5624
532
1995
6164
1866
5719
1763
5516
1367
5510
1724
3527
5513
7102
7134
4795
6960
7441
5060
5492
5242
6482
9100
3865
1669
5947
5109
3426
2404
5416
5423
2545
795
9729
5932
1668
7407
1538
6227
5218
4055
6610
1229
507
51
3282
6002
4963
138
9464
6688
895
970
7259
1216
3976
5786
5815
119
6966
1535
5652
4661
4988
7009
4717
9262
6595
7550
5094
6182
4123
2625
7913
4009
5577
5283
6915
5370
7511
4264
7262
3950
5166
5711
3521
3254
10118
5290
5165
5678
3870
5013
9491
7490
9293
9318
8262
9192
2283
6906
9287
1188
5316
1209
6673
4250
9177
9419
7650
10175
6446
1131
1084
5162
5211
5300
9757
4721
4109
9666
5651
5848
4899
6483
6797
4663
7280
76
8881
8751
628
4858
602
4826
8144
4773
267
4728
3781
4691
7997
4552
7734
3355
4366
8026
4225
7871
5134
6361
6084
4341
7359
9991
4017
7672
4258
3679
4347
7694
6785
4936
7522
7178
9183
8177
7140
6437
7593
6383
3900
4160
7085
9226
5515
7067
4147
5850
2928
6112
8724
4143
6115
6136
4368
2733
6432
8210
5869
8769
6650
4105
5326
8199
1052
5620
2107
2573
9180
5568
6050
4718
7286
964
5503
4678
968
7943
8080
7265
5434
7400
4246
2074
7047
202
4191
3304
8610
4066
81
5234
4752
4570
7813
7163
5170
3981
4946
5159
3619
7537
4745
6404
4885
71
5558
5138
2397
4253
4226
6565
5988
3954
5107
3542
1423
3559
3533
6644
4743
3345
2559
1762
3110
1748
214
7762
5064
5043
8719
5028
5096
4985
1450
6812
9621
7088
4958
6328
1516
9083
4860
7062
5158
2984
1417
4100
665
4327
5461
9833
4833
2563
1353
6574
7475
3100
3907
4816
3457
3166
3013
4069
1675
2696
8969
1781
8503
3874
2636
1416
4313
7976
5301
1154
3859
4668
1284
2260
4827
9704
1749
5911
4868
3826
6737
1368
7567
4610
3825
1062
5271
1666
6524
4882
4591
424
10153
722
6486
23
10140
4385
3727
5210
8730
238
2587
3113
3706
4384
4920
3929
6028
4125
7814
7883
5783
3623
3773
3493
2486
3336
2352
3541
3464
1558
3446
5913
3390
3636
4703
5787
6672
3093
5257
3823
2751
1080
5319
3397
6898
5156
2800
2239
3269
3066
3993
4809
3985
7743
7125
3267
1051
5040
9206
3769
7602
9017
4362
4607
3243
8535
6206
4210
5653
4117
9195
7401
7223
1151
8338
5799
2568
10107
3251
3957
3167
3050
4533
5050
2514
2201
2153
9947
1297
5748
4445
4390
4177
3552
7560
5241
3963
8752
9143
2778
1635
3724
1495
3933
4140
807
6896
1044
10139
7374
9414
1124
6643
3116
8388
2493
8463
2579
365
3835
3663
2415
7601
3783
3765
2139
4099
4514
6854
3672
2298
5874
8482
3049
10070
8304
6745
3603
2266
1327
3366
5216
2838
4686
2391
3294
8984
3073
5274
3047
82
8920
3572
9456
4539
4408
5203
1036
10190
6530
4548
1867
1333
4321
5693
1783
656
6360
10058
1507
4186
4261
3513
9353
8353
8911
1587
8348
6562
5067
3396
971
3034
5474
1380
5302
4108
4061
8822
3971
7003
9866
5982
6398
3434
8351
9943
887
6715
4345
1360
9747
5828
1167
7055
3142
5734
3502
2825
8478
4323
5281
7966
3795
9652
7117
6132
7276
6357
9843
4255
3376
1000
1474
8484
6228
151
3308
3017
5673
3500
55
6631
732
3373
4090
2955
9188
941
8137
7609
3480
2901
3253
2938
3395
747
5655
1923
6680
1790
7523
8807
2390
640
5417
2456
6998
4438
7529
485
9250
641
7654
2228
2365
3799
1674
1092
5981
9701
2977
6837
5353
9532
2876
7461
7421
7293
7091
3474
1811
5644
4593
9133
4176
6480
7489
3894
5276
2513
2550
5035
9873
7320
8988
594
6197
9445
3905
3302
1913
4892
9313
4834
5861
2496
10084
7305
4778
3144
5306
4441
4995
2494
7272
9795
2489
3137
5835
4759
9055
2448
3252
6140
6907
789
2400
8783
3188
281
4623
8433
4553
3105
2385
1271
6772
4922
3211
5526
2463
4695
960
6472
4446
3061
2958
2841
9256
2351
2756
405
2863
2347
2706
9607
3080
4726
2334
2659
1955
40
5458
1812
1245
2222
2776
4558
3477
4754
2584
8714
4502
5706
428
9162
4008
1280
855
468
9594
4216
10142
4628
8538
2209
6313
8748
2859
6645
2535
253
3001
2204
419
1170
268
2343
8681
3794
8386
2164
3959
6656
3990
290
6335
8398
9530
2132
2102
2003
8504
4447
1897
1119
2319
2988
3022
1720
9161
30
9082
2291
6805
60
257
8880
1651
1671
1697
2290
3002
5927
6043
2780
1922
439
5550
2658
8549
10088
1432
3312
7706
10124
9995
9484
5070
3076
8812
1583
10037
1534
10125
1186
4035
4363
5411
6752
3486
4301
3489
1464
8429
1541
8978
4175
10199
8179
1523
5674
2829
9982
1526
3444
1930
9859
2249
9475
1506
5840
9023
2851
289
2108
7143
4993
1469
1205
3459
9896
2452
5389
2574
2035
2064
5774
1127
10155
8906
9822
3425
7526
9727
7919
4001
7367
1050
3392
2990
8221
3645
1043
2026
1004
9140
1944
8923
2941
993
2475
2459
305
1597
953
9439
3966
9249
6973
1917
6804
3340
1270
7513
4872
8680
6033
9722
10050
1830
9630
1222
1266
1946
8120
1760
5496
5122
2423
2187
1729
1514
8359
2426
1664
888
1820
890
1608
3813
8362
1500
8819
9482
5595
9785
922
3186
1460
9934
10179
9841
3412
2622
8476
3543
8354
1528
9638
420
2300
4968
4890
3665
9642
6456
2846
2526
1482
1637
5533
1066
1517
7
10012
1436
10085
865
3228
1816
1613
1307
3775
2379
1274
7923
573
3546
6921
1054
8212
1048
7608
539
972
880
10003
449
2443
514
3112
5188
7066
957
3456
1596
3409
8072
1878
422
9424
608
10115
3070
8577
885
1970
250
1882
7061
748
7959
5511
604
635
8188
737
7306
1715
5825
9127
4424
32
666
10174
5221
5802
543
9034
2273
1140
7064
626
3127
340
234
1420
4030
7859
2118
5588
9542
9215
994
356
165
7785
484
448
1090
1733
6996
312
8192
9600
1351
9298
7937
10034
292
447
3800
1624
9201
5392
4529
9038
338
8671
4927
3928
5523
8405
7267
4377
10181
1844
8119
7600
376
274
958
2915
1539
7292
6978
343
3836
6726
5686
8395
8825
9606
3661
215
2508
6147
9570
327
4170
277
7831
787
629
9154
203
5439
3514
4223
6993
6305
44
7366
180
2259
4649
1800
8703
7410
223
9596
9047
19
5310
579
1520
3079
8615
7938
6925
309
6704
94
8957
5179
559
2510
5082
1011
6282
2128
5329
10040
6259
1600
2213
451
2412
7449
2028
4181
8768
7049
7186
7838
10062
836
839
4358
8311
72
367
4174
3751
8694
3608
8612
1557
3369
8589
1257
9798
2504
8556
1003
1169
10217
3157
196
8099
5141
411
3327
7922
7685
4849
9069
8279
9733
7557
1337
8280
2601
3829
4448
9616
7956
4349
10068
9734
6690
5983
7864
4338
3678
8542
8040
7861
6994
5935
1447
7623
7722
9774
2384
505
1133
6800
5186
7688
8390
9717
6523
5358
7301
6397
5754
5443
5089
1723
7343
4187
8966
3588
1512
6568
912
7408
5404
4727
7687
10077
5703
8197
10117
760
3122
6260
4537
6237
1109
8647
9517
1370
7824
9553
5650
9929
9499
5299
9999
831
2348
4281
758
8967
9792
4546
3590
6831
8847
4376
3718
8382
7639
8146
5867
7828
2242
4197
2523
4482
4887
7199
2089
115
4624
7660
5213
8487
966
4332
1616
291
10143
453
1973
3965
8605
6558
3668
9797
402
2804
8159
3249
788
7159
1045
5397
5493
7368
7553
5775
7677
7759
10216
3271
6416
5359
3598
8674
4049
6054
2661
575
5303
8162
6757
3877
5287
2156
9744
8541
4224
4367
8596
8016
3858
10018
7705
8619
553
7145
7809
1744
4935
6718
4328
9068
8216
3293
5908
7288
5900
8539
2758
4102
6806
6241
7113
4278
2060
2469
981
8296
7024
4460
8566
6453
5977
4039
5293
2511
1622
7013
7541
1504
6878
8041
1814
6708
8181
463
1442
8391
7256
7012
4777
5076
5851
9724
2947
5590
8200
4501
6972
9020
5045
6436
8033
3969
3246
5365
3462
7633
47
4687
8378
599
7536
8372
9846
6212
7916
6707
6243
7248
3911
9897
4897
3185
1022
205
9921
3937
1237
2816
3812
1072
5030
8670
1568
5779
9296
3309
6991
6356
6522
506
323
8408
4485
2852
4311
3818
6968
213
9062
7218
1854
2441
495
7968
7528
8169
3374
1658
112
3332
3926
1594
8268
7519
6903
4886
207
4653
7466
7548
5668
4828
7115
3289
6862
2946
95
4219
2880
1437
8093
9399
8151
3551
5514
8938
9845
5545
6986
8509
6267
7351
7451
985
3522
6567
3944
6321
247
2534
1988
7521
5124
952
675
3742
116
812
10214
2114
6901
6473
7738
9220
5377
9825
4863
3311
2151
7346
6684
9779
3009
1397
4407
5071
7482
673
8060
9675
9759
5454
9736
7211
4675
1283
6058
8998
6217
8634
3638
4672
1082
6067
8052
2945
6762
9972
9735
9276
6871
4613
5400
1617
8930
9486
6207
57
4051
3762
6159
7733
3078
8912
9468
8885
7801
6039
4359
1156
2681
3581
5200
1121
8696
8580
6738
6462
1828
5196
6376
5289
1571
5130
8707
10065
6571
84
948
7157
6348
4914
4126
9366
7015
1255
1572
3617
2669
4782
7139
5505
3162
7121
7689
7729
5839
9340
8949
5992
5782
3666
1106
5643
3382
9874
5483
369
5922
8869
3421
9623
6770
10162
9157
8256
8373
7284
5418
3798
6100
2346
693
9148
7795
3299
6773
4079
4932
1021
5958
4496
2152
5286
5020
1574
6930
4534
2565
9232
526
4293
4707
9171
7380
4814
5178
7697
4263
6444
7285
5068
3504
3931
9443
5086
2149
2255
3553
3220
9022
3347
7236
4835
10134
6653
4247
3004
6277
2612
7495
4183
3597
2311
582
2168
3217
7903
9537
522
4016
4669
7719
6204
195
4739
7974
9586
4698
2644
7530
2243
5506
3065
6754
2963
341
6635
6079
222
5720
6794
4312
5680
5037
5120
4245
9279
8742
9333
5630
3758
5912
6658
9268
4741
58
4360
7390
3677
744
350
8946
8936
4599
8650
4622
4729
4129
8524
5029
9476
8426
2147
3884
2033
4792
2853
8233
9952
1164
3335
5831
1916
2081
6425
3569
3930
9388
486
3649
8042
1125
4242
7662
6224
8979
6175
2453
808
4139
4398
3923
7669
4302
5696
2875
5537
3738
3447
6187
9113
3558
8017
6117
3994
1191
1117
4950
3696
6110
7920
5175
2294
263
664
8779
3420
624
6311
2137
3475
4326
7892
4671
3241
3329
2595
396
4350
7517
3471
7545
3317
7686
4487
4463
2871
10112
1481
7839
4980
2755
8142
7663
990
3284
8320
8285
2888
8488
7604
2784
387
2077
3809
3160
7369
3838
1373
2043
1943
3290
3098
5954
4587
1914
4324
3104
9962
3671
7657
1630
3528
2924
853
4803
6850
7606
7300
320
43
3205
2992
1047
9836
5314
7112
3115
2615
6832
2519
5209
5194
8370
480
3038
7905
7156
4037
2279
916
3003
6746
2314
2872
3893
9631
9175
4931
8418
7138
2781
7455
7074
307
6616
6271
881
9223
8156
5793
8000
5845
6869
1615
7836
4516
2638
8419
5899
6263
584
3331
6761
4029
1430
2605
2062
6608
248
9772
4503
4340
2582
2717
7591
1772
7758
5633
4205
4124
2874
4011
10023
6544
10055
2533
782
8722
9789
2604
4071
2188
3841
6270
6403
3968
965
6698
4480
7174
7128
2670
1362
2553
2339
5190
6174
4304
10224
4706
6537
6953
5784
8337
6916
7092
3117
4471
6819
7847
457
2635
4054
6274
6468
1083
3031
8038
2473
9101
1690
8400
8961
4423
9207
1843
9267
2974
10204
1230
6248
5860
1265
7354
6295
10219
2047
2497
2428
1940
6789
1190
407
7768
9489
1009
3924
7886
9956
4449
1599
10150
8590
8896
7039
8690
1998
5481
2503
1884
6075
5875
1673
8349
9867
2238
3975
6145
8665
3814
6488
2143
735
2672
585
8928
8675
2098
6023
1980
9394
2957
161
3460
8228
5679
1143
3472
1589
52
1936
5863
9280
6362
1586
5011
1556
7415
4461
2220
8129
6942
8259
4500
5858
5182
5717
1405
8213
4086
6405
3011
2766
5246
397
6814
209
5251
5893
2927
5282
5619
8662
7985
8310
1058
6633
2362
1819
1905
1855
1864
7882
9915
27
4573
8907
5881
1326
6213
3575
1757
5694
466
4631
10080
286
3766
5608
3181
3029
8299
2375
5273
5215
6614
9282
3515
9275
1826
1344
502
7176
4414
9196
6744
5598
3467
5180
5671
4580
1313
2554
5974
4716
4121
4642
1713
5578
300
3007
1305
6341
7329
4149
5579
3244
4547
1689
1309
9186
3808
7443
6493
2537
4257
997
803
4923
6310
3422
3641
9667
6334
1074
1529
8862
7109
2907
5621
1290
903
736
3868
2785
910
4428
3626
3359
6379
8999
7800
5495
1355
9904
9242
6216
9653
8983
6977
6186
5174
7057
8326
1126
6629
2734
4464
9821
6373
1228
5155
2762
7330
775
7586
2749
10230
8739
3520
2867
5488
2951
4494
7835
5820
5399
5902
5309
767
9802
3810
4355
5285
7342
2368
3277
596
2005
5131
5244
3351
5744
10148
1642
1258
9426
1929
8103
2557
4762
5741
819
8249
1582
3161
9271
9678
7727
516
105
8324
5280
4697
1231
5951
4296
1588
586
7295
4282
538
2029
2512
3740
10086
511
6669
4005
9072
7111
7699
1175
9167
3326
476
9939
7231
534
120
4091
3256
314
4026
6005
6847
3045
3287
4396
429
2817
929
8063
3737
9948
5044
6051
9916
1144
4605
1374
2699
6
7323
364
5797
416
8163
1977
2660
7818
4787
5938
7615
3158
9448
2950
7361
224
3886
8439
9329
930
395
10121
793
1773
6246
6283
2366
6781
171
5589
7741
5632
3793
298
723
3594
10225
2796
3622
9880
1601
9868
9234
4043
378
330
191
9748
5891
9299
1244
2865
6320
8996
9070
3453
7988
893
5421
4484
109
2405
2037
1061
9149
8963
1747
4418
5976
3879
8793
1865
5539
9066
7917
221
4028
9540
1544
5960
9
7890
1920
4024
841
9367
4984
8771
21
2129
9330
4172
9782
423
1570
4866
992
3789
1663
379
8385
3109
3845
3237
7718
3989
3973
7053
973
2714
10209
1756
1788
8943
6677
7508
4274
3692
5088
4719
9278
4063
10193
6922
8717
123
2629
1619
494
6396
8664
6466
6599
2845
2935
2711
4545
3694
1799
3648
3054
8785
2869
3578
7000
7001
9682
3363
211
4689
3479
6604
2641
4813
3903
8505
3535
5635
316
6771
2690
2576
9750
2725
6055
1672
5018
3173
2598
7967
3691
6697
3635
1137
778
7058
7325
6369
4146
4934
1
7975
8651
3139
3573
5895
6069
3353
6401
8148
2518
3221
5304
7749
648
5277
8511
2487
1972
1192
6041
10149
8641
3711
752
4194
5714
4774
3060
469
5903
3242
7087
2341
1954
9937
2716
3155
617
7897
6900
135
9676
4132
2819
7767
2171
1489
2392
8781
2934
7023
1024
1445
5873
6575
5502
1869
29
1251
2809
2775
9636
175
7502
4930
3466
5870
1394
679
1200
6337
2736
7613
9109
2920
10067
6777
496
5101
9522
5936
2054
2739
2631
1077
2078
5962
5667
8189
8688
9172
902
2393
7027
90
892
7991
5374
4991
4962
2373
4955
6664
588
2720
6787
937
362
1606
8830
4578
2730
8030
3101
2172
2092
7713
2633
7120
6081
6035
2594
1971
5183
4987
5184
2296
3652
1176
9401
5489
606
947
7563
558
9306
3715
4791
1823
6013
2179
2241
10052
684
3938
2274
9363
9767
726
1670
5471
8029
9844
125
481
5431
529
4429
5157
733
5401
2619
9103
3754
2835
7273
8018
1652
2205
8782
4405
4334
8609
3673
1463
358
9254
7999
2167
117
1485
9164
6047
8409
8850
7994
403
5965
7964
3423
4720
7751
7546
9894
1008
9447
3090
7191
9810
9073
9384
310
8800
10021
2538
3270
1898
5328
9421
4268
9581
6868
1477
7474
2133
833
9209
9559
4586
1948
339
5425
1721
6535
5649
7017
5812
7725
10211
4509
1705
3021
3690
9122
792
4330
8734
4713
6389
921
6096
5228
200
7378
609
954
697
5945
162
9134
9357
1614
7299
9692
9763
2
9198
1345
2607
5836
5752
9075
401
6974
8899
1317
3684
9831
113
5479
4977
7679
4619
8571
6561
3383
299
251
4840
10000
1273
198
5906
9369
6465
45
9516
1187
474
4532
5967
1029
6296
7347
5627
1157
4095
3647
107
8091
3992
2515
186
8892
8483
5208
62
118
8404
168
5435
5710
61
7932
9566
2440
768
9529
9370
1848
3699
4735
6167
9265
9241
2148
7771
5091
3587
991
9453
4842
8423
2954
2983
5355
4474
6418
879
5090
5807
7788
9074
5342
3860
8965
5098
4465
2815
5380
1352
10215
9051
5695
2861
3255
8875
9640
4078
6846
2744
6521
7025
4780
5268
2502
3195
10035
8993
1894
4287
2065
1439
8913
837
4256
3830
7375
9805
8298
10141
1452
3111
8754
8818
4070
9718
780
4861
7796
2747
1429
8905
8475
4746
872
5540
9461
8002
3223
2162
9169
8369
3889
2547
3086
3014
6484
1210
3824
7252
7110
2827
3849
9470
1877
6090
2662
660
2823
8878
70
8510
7595
9320
777
3354
8859
9185
9427
6326
4699
2732
976
8598
7065
2836
6995
7239
2759
616
5742
8816
8316
8096
2161
7580
9973
2444
452
2223
4075
4080
565
9548
3046
7754
1287
1391
6479
6549
336
9862
6323
3183
7291
3815
3756
7611
9804
823
3206
2264
7877
1478
255
8240
7210
3178
5591
9593
6542
9089
9511
2925
2683
3735
2488
4973
1846
2170
6419
2606
5555
380
164
655
5924
10160
7196
28
2590
4571
346
9538
3712
3082
3298
1466
66
2297
2289
2539
2794
9184
1459
9858
2501
7507
8226
4738
5080
8919
8064
8775
3399
2427
2374
5405
5762
6538
8497
443
264
10011
3232
9949
1818
8698
10188
2991
2372
2824
7089
7989
4567
1522
1398
6825
5469
4556
8431
9253
4493
2304
2912
2269
7571
7845
6743
6647
8648
7946
9940
1559
132
3465
6505
2943
4943
4812
5662
9758
4209
7364
2120
2079
2419
5926
570
10006
1302
1435
9471
3978
8774
4182
7181
2070
2896
4507
7993
1952
6779
8514
1070
4269
2031
8888
8325
10159
1703
10185
9117
2011
6519
2540
7032
8794
7164
9815
925
2799
1536
2058
6349
7198
4248
6464
6893
2173
9371
9970
2798
9741
1494
6957
7372
6152
1421
5846
1262
7760
4786
4883
1497
9726
6137
1104
5398
3615
3307
1548
3716
1700
2420
1350
9663
2358
8725
2997
7031
7476
3052
2650
6786
6170
1727
9314
3470
4681
1847
8274
8644
10222
2353
9521
2673
5346
1610
2779
1798
2603
5939
6795
5337
5500
7242
1825
1147
2688
4114
1510
5549
368
5069
3199
7240
907
4419
1444
9462
10119
850
9709
4744
1013
8741
9755
5760
4724
1107
7322
1239
5334
5456
9246
3748
269
1428
9230
1199
6338
1110
5661
5427
8565
9078
9465
8955
6303
372
9957
1765
5615
5062
9135
9411
2570
5357
154
1294
9312
8046
6133
6651
8755
9887
8564
4373
9618
4626
2355
4150
4568
6226
6029
442
1359
1726
1246
8729
266
1983
569
2186
7755
2253
1334
4569
7221
5770
5477
271
9027
1379
983
8683
6824
2998
434
4659
9229
5994
6219
2237
2437
5378
5004
2361
7244
5419
4380
5451
1038
20
8498
7766
2981
848
2155
8175
8727
7161
3507
5780
1408
7992
8973
3714
670
6172
2330
2562
923
2066
5929
9555
8607
2277
1750
2001
5325
8624
2527
6193
9591
3600
961
634
9662
5032
6059
9048
4279
4082
1332
8
3490
6088
6142
5554
10123
3182
2975
1990
1681
8203
5639
1259
5072
279
7628
2282
5730
9893
2484
1218
794
280
9002
7269
5048
3431
504
1623
8207
3303
1225
917
4007
2359
3850
4656
1787
391
7603
1220
6891
5279
5853
189
8806
1607
1100
5921
1677
8254
644
50
1461
3123
3832
5153
5601
5402
4748
2076
8281
9738
1174
764
7884
4443
1698
4857
571
1563
6121
8901
2666
1868
7118
5249
5482
9000
7963
688
8289
2257
598
9849
8312
4310
3301
6895
7651
8112
8143
4525
6601
6049
497
7318
6460
8074
7598
8396
926
7592
3614
4351
3537
1792
7581
633
2036
491
9187
9610
8217
645
7222
7069
6251
7955
8772
7224
1193
1089
9123
4159
8808
7843
467
1755
7019
3701
4804
9544
204
7046
4236
6801
3888
7445
7832
8718
9408
667
349
413
261
6976
3916
1395
3440
10218
9272
5083
275
5136
7670
8903
404
8728
8663
7525
174
8695
2770
6767
5765
9434
7096
6004
3583
6840
6693
8638
8854
2104
7561
306
8333
6146
523
7261
7465
3761
6836
9490
946
7798
6760
776
2543
3386
6500
6062
4357
5
382
8202
2292
9342
509
2333
6234
7146
7899
6864
5047
4807
5468
3720
7425
1863
2531
4204
5813
5723
6678
83
9837
6654
8708
6262
77
7362
293
6613
4513
187
7834
2196
6458
1997
7341
8630
4557
9030
7494
259
7506
5721
6171
2500
914
9284
7308
4970
4942
9442
9382
7432
7127
6803
2583
5177
6981
6190
1947
455
9286
5648
3171
6424
3280
6130
6249
10111
3881
1503
6045
5883
5237
4473
4664
2044
4670
5077
7392
7360
3262
9324
7770
2219
4305
8554
4221
6983
6685
201
1876
9828
490
6625
3579
3266
3842
3418
3133
7084
3413
2432
967
249
8962
54
1786
2109
687
1034
761
8414
1484
1296
6399
5046
4415
3043
6532
5394
2962
1286
477
8427
3700
1562
10002
2376
554
6254
6366
5897
607
4740
3227
3848
2668
6056
2193
3030
2854
713
2305
2995
3709
8356
5798
2442
5753
4492
3988
3707
1064
9494
801
6293
2095
3650
4582
7040
3610
5888
2141
2378
7485
2891
1861
10220
1679
2056
8161
2020
6294
3250
9935
1165
615
3368
5877
34
9364
6272
4770
4285
2199
303
1366
6370
2844
1502
1425
8712
4058
3631
141
8653
5263
2019
6007
9536
6250
1114
3194
6261
4822
7643
781
8133
5892
8047
8234
9909
7184
5727
6139
5715
700
3777
6454
5154
1141
2034
5617
8492
2002
4926
10075
3757
7556
5857
7778
6017
1809
4422
1959
1410
1113
5842
4821
2902
9694
4199
4410
5810
7202
8546
9992
2738
10206
6662
10228
9335
5826
10022
7042
1219
10004
1924
8852
769
9218
1934
1779
2136
9258
9696
9888
5609
5930
4113
680
8309
8157
8915
572
727
3984
183
6507
9951
3729
7878
5849
9768
6273
6495
9200
8153
695
8244
6044
3234
4676
2080
7616
5229
9029
5446
7735
8677
2481
8264
3041
102
1419
385
9237
2887
5956
5955
9580
7338
8767
1780
1918
5362
4915
2055
9316
3387
6624
7002
5600
9613
8108
5192
7820
5525
1641
6318
3365
431
5844
503
4023
9136
6281
7872
6944
979
9886
5887
8726
564
5391
5167
9684
4961
8109
272
7076
1656
4432
7324
9632
5705
8738
3085
3892
7777
4560
4325
4084
10103
8363
1267
6706
4369
5484
8101
8025
3175
7297
3932
5360
6736
6817
6012
5121
3509
9668
3725
5750
8360
9454
2898
5777
1691
8563
4162
284
7470
5371
9444
7014
2596
2520
4012
8282
746
1413
988
38
4299
9504
4188
8434
1023
3506
6897
1468
6747
2572
7744
1310
22
3138
7464
9507
6414
10234
856
9290
9053
3562
7569
6149
398
874
631
1020
6487
8679
9531
8375
4730
5997
610
5862
5110
8165
8837
1426
9126
4971
10048
88
3895
1777
188
5654
1850
4131
7393
6208
8481
889
153
5808
2618
7353
5833
10010
6097
9392
5148
6585
6683
5689
6796
4940
9716
8291
492
7621
10093
4938
1195
3193
9647
6713
4978
7219
9108
5963
4722
3866
3998
6236
548
2038
5886
6427
9784
8743
2892
7217
842
6955
4208
4
1285
2069
5569
3620
9247
8763
5321
9715
6874
4625
3296
1511
9525
5538
6287
2792
3670
8685
5169
4658
5195
7739
2793
9746
3549
2123
6965
2462
8371
4598
2959
4453
1784
8083
7100
8704
1573
8306
4336
10154
8070
4530
756
763
4092
6163
3967
8832
3350
5740
3664
4945
5565
328
6634
4142
5971
1904
7737
4185
7394
6091
64
5202
6076
6661
3953
8784
2318
5015
5855
3909
8035
820
6001
5207
1974
7501
3609
3463
3807
1728
8757
4004
4391
5704
6395
4685
147
4638
6496
7539
7585
4343
5383
7419
4960
6497
3750
2830
7454
3381
4477
4013
8292
4829
6000
3728
3264
9898
9820
3468
3202
3566
3571
7201
4688
1822
2251
3245
1575
2370
6463
3646
10227
7104
7648
5499
2932
1657
9974
2742
1795
6510
1609
5464
3135
9519
9042
4712
1605
3279
9686
2708
5707
1177
5056
9181
2922
5313
2057
4297
6710
2818
2529
2703
9826
1017
2632
5078
1150
753
9713
4783
3997
2284
9832
2899
9508
1018
549
9478
2802
6443
2491
4439
7278
1392
9193
2651
6557
8214
9028
8392
4911
8413
7753
2178
2308
2261
672
1315
332
4022
445
4277
126
638
8723
3621
1300
8635
2150
311
3357
2516
5803
8020
3324
3236
9166
6703
4403
3483
3680
1845
48
6151
1925
3606
1438
9687
7740
9629
1789
9173
4639
6299
1227
2083
3495
10025
6533
7350
3393
1902
4050
2433
10045
6275
8075
8789
8445
3872
1115
4237
3207
2921
9620
4320
10026
5123
943
9498
1910
989
7208
3204
2024
2183
5713
2103
7851
9809
724
728
1987
4294
10094
6937
6202
7790
8220
1804
3634
2096
9176
3698
8841
639
9964
2727
3108
871
5898
8082
2599
9147
9004
5764
8127
1172
9354
6642
498
4231
652
8397
9390
2247
5773
6573
6074
313
3438
414
9547
8660
3278
5100
9438
4921
3917
8176
9705
8686
8654
7515
6555
9071
6325
8364
3675
8024
5681
5225
8828
7902
5092
1872
7774
5240
663
4300
7732
1455
924
677
3952
9418
3191
4505
7119
5463
4504
3028
7748
4801
7750
5700
9410
4588
7614
9961
531
6809
5000
896
6512
765
246
9479
4217
4847
3208
3819
4956
482
2190
388
225
6618
4674
8465
4917
702
1835
9412
3128
8185
3231
8701
5375
7658
771
6919
4830
5151
6156
6914
9356
8835
3163
146
9170
1708
2134
5137
7045
6518
8608
6712
472
5518
9079
4797
4292
9359
2701
5521
10136
4002
8459
4941
8269
69
3743
6138
5487
939
5388
6586
8121
3248
5223
3644
4232
2682
7570
6345
7629
4997
3295
8860
3547
2613
3919
682
10001
9307
3148
1880
7911
7414
8796
3655
7970
5928
4906
10213
2295
8319
2421
8576
3914
3164
5973
8669
6292
7935
1796
3263
5544
8551
10194
6317
6476
8731
4451
5852
3286
3141
949
7130
5587
8321
1162
2216
8061
7459
567
10137
5034
7266
5562
2967
6485
8248
3745
8623
462
5498
4542
5256
4583
2953
2492
2866
5415
9877
2966
2048
9251
7317
8513
5964
7568
5163
5582
1566
4286
2244
1564
1764
6793
1560
2477
1644
5949
8821
7172
9673
8508
3257
4595
3554
1467
7050
6934
4692
8494
36
8974
4033
9816
3349
4027
2364
6552
9011
3770
302
4072
3697
2623
6679
3934
6477
8787
3782
8656
10020
2753
6038
8493
8747
600
2383
4528
6439
3402
3348
8501
8461
3802
1639
9969
3767
8368
2185
10060
2639
321
3106
1236
2009
1454
861
8102
3176
1279
8600
9649
1040
2135
2100
7619
7826
9213
8897
5497
461
3730
3042
3555
7160
1211
3710
1014
5640
7488
1458
8435
6798
7363
8196
1842
5731
8496
9707
9407
6830
4047
2994
7573
9852
1153
8180
5320
8980
10238
7447
6758
1434
3455
2354
7533
873
3660
3129
4790
9908
5181
7016
6756
244
6578
5656
7931
2903
106
7647
4440
1739
4802
131
8682
5676
10054
6408
2322
3576
9549
4430
7555
7804
7315
9221
3024
409
5364
3408
815
8506
3939
4427
9019
9900
7776
7246
7821
5099
9137
3325
7086
2544
5508
237
2702
6103
2224
6943
10089
366
3196
4736
108
7034
6375
2726
3403
6945
7949
4038
7101
1627
114
2581
7406
3210
4401
7105
3584
6853
2327
3190
8990
5052
6649
9813
2325
1827
4645
8874
2890
8861
5455
1335
3915
4173
8975
10073
4118
7093
2791
8553
3180
6082
8740
1449
3091
10210
2771
7162
2602
1885
9308
9259
8971
5031
2757
2530
7708
1576
8592
2181
1939
1406
2548
2748
3147
1234
5103
1384
7339
6363
7671
2724
2006
9967
450
1751
6627
4032
8023
4298
5323
2917
2097
7853
8250
7327
5160
7887
6997
2686
1184
5214
5532
1711
6936
4952
9463
6239
7462
6931
1620
7933
7678
2465
8314
2719
5725
9435
5112
2466
1139
1683
3119
1378
797
1049
986
9493
5996
7512
301
7041
1318
1636
4018
35
6844
2628
9731
5168
6225
7700
3097
3713
2386
7204
8182
5708
1159
12
4875
8544
9811
2578
4478
9938
7794
6755
6034
5541
6875
1598
4999
6391
8191
2236
6879
1518
6106
4081
9450
3189
4682
4895
6421
3377
9483
4243
4636
5528
7696
1551
4025
1068
2654
6358
683
3816
2821
9664
796
3415
1886
4057
1112
7437
6188
10205
501
6027
9339
5512
331
1647
1712
1079
3499
5536
5984
8534
5882
2461
9365
4855
7349
719
5422
8467
7822
6426
4666
1182
9954
4404
904
8678
7527
9503
9361
9383
7498
6881
6606
6492
6979
3980
2948
7238
9026
8462
3121
9334
7281
9116
4983
6667
4805
2478
8283
5412
6409
8245
8543
1856
6160
6823
5142
2335
1603
2166
7099
9151
5823
3752
4947
6102
7811
9300
1957
4725
5728
9319
4234
5143
4806
8071
6382
7702
6434
2195
6365
3058
1358
5264
7230
9090
4608
3831
3548
4476
1196
8954
730
8713
5641
2881
1385
2856
2312
4544
5260
3510
9495
1938
5344
6189
2286
127
2194
5805
2431
5564
7712
6230
6180
5128
1232
577
7137
9861
2094
4894
1007
3411
3596
9269
8611
9823
5023
3026
4843
9871
5535
1752
3530
3534
1704
6304
9502
8761
6623
886
1887
5298
10078
4399
7103
8447
8446
10237
4769
5278
9835
9569
6083
10158
4520
8811
2116
2235
9985
817
4006
9295
4597
9791
10131
4756
9665
1224
7540
8931
7868
5467
7939
8443
6739
1155
4166
701
3511
10161
10038
7924
3063
9764
3591
4864
3882
1027
9336
6876
5859
406
8173
4319
1964
6353
5061
1590
9197
3314
8587
5444
7274
7200
375
7444
4306
3880
7463
2996
294
1253
2566
9452
743
1487
9850
2021
2416
8813
8334
932
2177
1549
6245
6470
4976
5794
5406
7950
7229
557
7434
2886
3450
2933
1979
2363
9505
8594
4551
898
2524
1632
7326
2191
9217
1361
2276
5238
4452
9205
8480
6716
725
9153
4838
1961
5563
7792
9346
6459
583
2111
4387
5033
4837
8676
5915
4845
5118
2910
8138
1761
1718
9141
7915
3731
3764
1163
10071
6594
603
1550
6072
9043
3946
4572
1903
7478
7316
3772
5410
9248
919
6596
5743
3580
7141
8655
927
9585
6105
2231
1513
4594
10051
9179
7206
3887
6727
4458
8329
1532
1858
4810
9381
6301
9641
7607
3184
7314
6158
9255
7136
9925
915
1807
1994
718
3032
5547
1299
4412
217
5925
9882
1685
8588
6331
5117
1382
5884
9005
734
2207
6508
6509
870
10132
1320
5663
4893
811
5252
9469
5593
2073
9129
1470
4793
3987
8673
4342
5054
637
8868
5476
858
2072
711
6913
614
4135
10056
620
6194
8246
8939
9695
4196
3334
8715
129
6022
1676
1291
8958
93
3053
9997
7578
4152
2855
2499
6253
601
6543
74
7928
2939
8585
7213
8552
10192
8705
163
42
68
3958
5605
8079
1667
7535
8122
3297
2810
7303
7726
6070
4784
5576
6899
5108
4948
10135
7551
7427
5354
7182
8985
9061
3435
6709
2560
6344
8076
10009
4074
2229
6861
9847
6553
3372
9777
5616
8758
8149
3385
901
9120
5724
6592
2429
6811
2895
9199
2023
4667
7148
884
8273
8140
814
9093
8917
10127
7852
8055
8021
1911
6911
9899
3057
7457
5806
1824
7636
8253
963
7867
6168
5152
676
2175
6963
4853
3048
7335
6195
715
4316
5980
935
2913
7384
2004
9786
6150
7564
8940
7642
7311
6176
7270
5135
4683
5393
7275
6720
10098
5575
2684
4723
3883
5132
1791
8668
7151
384
5340
3986
7409
4974
9261
5039
4116
1628
1774
6350
8043
3319
7493
5065
6949
5095
2218
5057
1941
6600
3593
3339
7829
4413
5894
10079
2197
4103
6461
1328
6502
2457
9543
8746
2722
3525
4523
1346
4651
996
3015
1197
10120
5757
5005
1862
9799
7547
3197
4819
8008
3492
56
556
859
3736
9379
2694
4758
6316
3292
3806
6918
1519
7957
4111
10207
5519
465
9349
3843
3177
7060
2978
2536
4757
515
1932
9719
2769
739
9568
708
91
2022
5904
1531
5453
493
308
4211
3333
4714
6648
7411
459
1547
9787
4535
4241
9760
5114
3873
845
1927
3379
8313
7704
2693
2125
2986
3226
7131
1805
9110
3126
1491
8737
4468
7388
1390
2349
7010
176
9608
149
1364
2482
8582
5361
3972
7192
4206
1457
5625
7321
9996
6229
6018
2013
2614
9698
5837
1493
6342
2741
4120
5113
8158
2099
9592
2450
1969
1981
4908
5829
1233
2039
8453
3134
3039
317
1888
9533
2807
5610
7731
1142
9699
9422
6244
9395
4455
1991
8340
1135
2435
1325
5645
1853
4426
2240
6319
9222
1249
487
3089
4904
489
7784
4767
456
9762
5093
1242
8525
1707
899
4233
218
276
1241
2894
7860
9920
8855
2697
9660
630
10102
5350
9372
7035
5636
8336
4133
7855
7590
9870
4644
7277
10074
766
810
5219
4254
2610
5599
6527
7549
2517
849
9526
7177
4986
7020
4036
4596
7054
4660
3624
6513
4056
4604
6962
6545
657
2768
9672
589
535
4200
2883
6346
8603
3291
4112
9338
6393
2956
2567
8857
8894
1900
6605
5509
1479
325
5843
6233
4677
8632
4168
2409
5628
9944
3811
1330
4876
8617
8593
5557
7383
1684
7030
9018
1569
1565
9697
408
8562
5161
3755
4215
9669
360
2839
4046
9619
2154
9118
9224
8982
6863
190
1342
5553
8756
9518
7597
172
5176
10069
8015
2676
1542
592
3947
5116
8700
4370
9918
4896
8689
8381
6173
2814
7152
8829
3669
10138
10090
2620
8257
6155
1198
9830
4910
9625
6668
7106
2597
4820
7479
4087
9685
8117
9458
1096
2589
9513
5914
2227
5959
5480
9807
7345
5766
6729
5295
6494
3099
10099
4346
2476
1759
5560
8350
3885
3828
475
1387
7554
4937
8053
2119
8294
5347
6821
2275
8204
2091
5465
5937
7083
1734
3768
8001
6791
4052
3517
9159
1527
7810
7583
9477
6951
6021
355
7214
4378
5841
7304
6841
1693
8205
4167
3964
5084
8898
6332
5372
381
6435
6290
5732
9550
6728
2905
6570
6591
4062
818
8893
2507
578
7431
252
3407
5584
6255
3035
5682
2046
1069
4562
8879
5942
3746
8532
1025
3476
2045
5675
10057
4521
6116
3686
2248
510
6030
9350
79
3473
712
4331
6855
8277
7509
2159
8380
7147
2226
8051
799
2101
8876
3991
8022
6748
2049
2106
4732
2653
1829
5905
2745
470
1963
230
3433
6057
6719
8586
1785
6559
2790
5824
7799
4527
6098
2752
4515
6052
6731
1901
1840
9277
5985
2546
5923
7637
9576
4933
1039
745
2315
1782
4130
3693
555
1996
9328
1754
5856
5390
7683
4088
1999
7328
124
7180
2643
9740
3913
170
1324
169
6932
1465
8597
122
5333
9429
9327
1935
6238
10042
7155
7626
5079
3747
9415
8258
1462
7714
4903
8760
4260
8904
3505
9341
7927
2647
8823
2371
6593
6099
1122
8490
636
6109
1937
3044
3601
7399
4839
8236
10198
8872
1203
10176
1686
6970
39
3239
5995
7029
6324
3192
5255
8300
6025
8057
3398
7889
4710
4581
731
4575
5602
8295
714
3268
4788
3586
8442
6588
1160
2767
3094
4397
6209
5975
10195
5351
3529
6104
3174
1323
2786
4874
179
9651
5247
6019
1758
181
7124
4655
9989
5438
4531
1472
8621
3096
3025
8255
352
8661
1653
1178
9931
1215
7736
7789
1041
9839
9627
2206
4203
2812
8126
959
2721
394
8720
16
7969
4089
3352
710
9960
8345
2709
1407
7848
9924
6265
1030
9163
3276
2949
9827
9097
2705
9803
7235
4768
5198
2396
8183
8286
8591
10223
2280
6714
8066
6066
8422
499
4781
7436
1942
4680
8520
9728
8019
4627
2113
5572
9240
7249
6579
1769
6111
9923
1120
7634
2303
7467
2831
4295
5478
9302
8110
235
1221
8871
4541
8809
5144
4495
4609
7693
7497
6792
3556
5866
6827
208
7185
8777
1719
5486
4122
4972
4239
478
1649
8765
9601
7081
9639
4518
4565
3805
6525
7682
6872
750
3005
351
6910
4333
6491
6445
6223
4606
1633
8687
2338
3582
5687
2398
8470
2214
1978
5447
751
9968
9049
2395
632
7772
173
9214
4164
1476
6215
7018
5284
2833
2000
1402
5125
561
9879
5075
4867
6442
6312
686
9587
918
1206
4317
1201
241
5368
2718
4222
2803
6826
5367
3851
9910
618
160
9413
2182
698
5672
5345
2169
373
9633
167
3544
5201
1891
8780
4989
9983
1821
4144
4871
10087
2820
9292
5191
8399
1152
3974
3216
7710
3625
3689
37
9423
2774
3081
1146
7534
3940
8579
4841
1802
7640
3361
96
9400
3656
1076
1710
3306
7653
6732
9305
9577
9245
9326
517
2131
6615
2408
6252
1433
7193
8820
3274
9571
121
8575
8457
8412
7116
5946
6783
1909
433
6935
9168
4010
3733
2909
1982
2585
8555
4869
335
7664
661
7491
6774
1860
5197
8545
8870
334
4339
8106
7387
4392
7587
5087
2112
7954
6750
1771
6810
8622
8089
10169
8512
9901
9003
6590
6638
4602
8824
4251
5611
3643
4873
3316
4865
6938
4040
4307
1339
8393
8441
3198
9646
1806
6802
4290
8032
1032
2648
4201
3788
2344
8384
2862
4704
2306
228
5379
7129
10096
7352
1958
3653
329
192
9451
1742
962
6723
6423
7895
9311
4612
3439
647
5204
5683
689
9291
9690
1696
3419
1702
8003
4702
6280
4249
4386
4354
4303
3458
835
1252
3428
8922
2679
7958
1498
2087
2637
8500
1306
10200
2402
2451
2061
5699
8098
6939
6686
8951
8773
2146
4584
5448
7572
6838
9670
2025
1716
1660
6865
6580
649
6622
5749
6009
393
8764
6388
5248
8062
779
2965
5847
8858
4288
4891
9119
8797
5709
4280
7665
7565
6181
8929
2495
6327
3
2320
239
2246
1678
908
3659
1492
5269
1501
4603
685
9812
4409
5002
1208
3273
3951
8270
590
3935
864
14
3169
7179
4888
4949
6639
9790
840
9081
3918
3069
2897
4315
4096
8013
2063
5366
7833
6394
2140
7063
5266
4371
1740
1737
4715
9145
9928
2797
2160
6157
4543
3995
1701
692
1612
9142
7250
1331
5603
2210
4097
1181
1065
2840
9883
3083
8950
7307
8317
8479
9009
2030
3143
2263
3629
4497
1975
10221
2723
7717
2336
3904
1456
3429
1404
1735
9243
798
3405
542
6240
876
5146
560
6386
545
691
155
8154
1831
1288
7283
834
10126
696
1129
144
5966
4372
2430
783
6314
6372
9677
7503
3260
3494
9770
2202
9514
6046
4761
6020
6333
2447
2360
9380
8657
6107
8602
2591
1985
3791
7894
318
1919
6584
9551
6306
3526
1646
295
1475
4179
392
2215
8218
8208
1415
9589
5462
2208
9212
3075
9056
436
7675
3516
371
928
4775
3288
6619
2805
63
9021
5979
4646
8471
232
10146
931
7666
8891
1745
6400
8826
6597
226
3702
8526
6380
2760
9281
1329
8406
354
10145
5440
3604
9987
8322
5776
8186
7765
8139
1085
8275
7806
8558
2674
3869
6474
9907
9449
6890
1059
7220
6587
2652
2417
852
3443
4701
4831
8355
2884
8948
3955
2285
8964
6221
8343
3318
10172
2973
1292
9975
2532
9683
6894
951
3790
790
8394
4585
8271
8150
9289
3878
2059
9446
8178
4271
8529
7524
9679
7841
3857
4550
5227
8231
10114
3496
9963
4230
6782
9876
7816
6759
2860
10100
7416
3229
9752
7786
2782
9903
9851
6657
6119
2642
5534
3235
4823
2656
5531
4965
9428
3238
7518
7559
878
4643
7764
5245
2509
2904
671
2474
4979
4648
1451
7423
668
4034
10130
4630
2042
7365
7452
883
1933
6621
2328
1521
9959
658
5262
1545
9031
7472
6340
1386
705
9080
140
7195
9614
9583
377
5613
6032
9691
3151
920
6501
3214
5307
4244
7417
8628
891
4389
8672
591
6564
8195
8991
6126
3036
4912
9158
5063
7865
7914
7973
4641
2467
6374
2233
5865
7422
5001
8559
6441
8155
9739
101
6788
6192
7396
1281
4848
6257
1546
5830
9500
7998
6003
5012
520
5747
3855
5664
8802
9008
5485
5470
6883
9297
136
3651
4953
9710
4481
2212
7972
8472
2211
699
7926
6867
3427
6820
5384
4708
822
7473
3055
8141
6526
5614
980
2577
8568
5149
4615
5452
5449
4212
2051
7900
5948
1336
5014
3358
720
6611
5336
1508
4060
3722
6751
1134
7746
5746
4161
1396
7645
3305
5185
6516
3540
111
7681
1002
4665
1926
2345
4700
73
7661
2455
9824
1722
3201
5702
1067
9352
10015
7944
9420
7610
7566
10144
1354
6315
1743
868
3667
4737
9612
1659
9121
5986
9345
17
2764
7504
8873
3321
8814
9564
6852
8750
5059
6985
3071
4437
8458
8260
7849
7775
7961
3445
10203
9203
6873
8567
3343
2987
9323
4818
9863
5801
6768
6063
8276
4400
8815
8428
9681
5559
2624
7078
955
2710
1813
5818
8633
7048
6882
2068
6551
9720
3639
6989
1486
2480
3008
6412
8933
8164
5387
5583
8116
8573
5524
2281
6877
1662
5940
8318
4388
942
5006
6975
4836
4957
8068
5297
1063
3999
357
1453
31
6024
4522
2655
3436
7830
867
5961
1770
9840
2165
5199
5324
1577
6884
500
3585
8118
5426
6185
4153
5217
6776
1275
8301
254
5027
674
3442
6141
1841
6721
1753
1168
940
6291
562
1388
6200
6060
2837
212
5395
4442
1012
197
5646
2663
10091
877
1778
3785
10008
4356
5104
2611
5424
1890
6999
9819
3834
4600
10157
9965
9396
8134
8851
4218
2014
9160
5665
5226
9457
3064
1766
9146
1254
8436
7254
4433
8327
2900
7133
5008
1243
9515
5838
2293
4379
2985
2772
4992
9387
7980
1183
2600
1033
4800
2551
4059
324
2265
1087
3943
5896
8721
8376
1161
4157
9573
1505
1102
984
1256
3102
3960
6322
8048
8424
1136
6355
8842
265
2425
9732
287
6008
4852
9397
59
8171
9376
2675
7371
7844
4690
8667
7757
4308
6652
4555
9793
3384
3717
5788
10049
2321
389
7209
7947
5970
3658
10128
4498
315
8952
5129
3342
1871
650
1688
8136
3524
544
7982
1422
3840
4549
541
9582
3310
1312
7435
2885
7728
6843
9014
3152
3285
2750
1714
7709
7424
7542
435
1471
9006
1377
7481
1412
2007
7412
1260
2381
8450
566
8942
4486
7896
2124
7251
7673
2287
784
5504
242
6218
6503
5261
9801
5275
9978
1810
9889
9487
100
5758
7271
8342
9806
5330
9165
3313
4227
512
5501
2309
6127
3618
8006
7538
2302
7456
231
10173
5224
3040
2340
7552
4900
4462
757
1554
2198
8643
10104
4459
2549
9348
1553
9579
2870
7656
2763
1992
9892
1488
533
8374
7247
7906
1418
3759
7348
9174
3545
7951
7207
8430
1375
9115
2826
5119
1088
7791
10231
10059
7448
8987
2783
6813
6984
6534
1874
9914
8945
5566
8649
4851
8884
1483
8011
488
3501
4352
7123
8846
2525
5612
219
344
1852
92
5051
9466
4137
8838
1376
262
2142
3801
3977
9309
6941
8709
830
1037
3833
7312
6411
3461
694
1319
6954
5745
3087
11
623
7153
5574
995
7468
2832
4348
6368
3131
6682
5147
6887
2422
5854
5933
5016
5660
662
6144
2439
6114
1578
5755
5066
4879
4975
4517
969
1945
4457
10133
5193
6113
3922
7827
4483
7376
933
3023
9988
8347
1278
3682
7036
5460
1363
3153
7763
6073
729
9930
4901
5437
7429
2971
8706
3685
8346
2313
1314
4969
8581
6880
6982
417
7624
10152
5688
4499
7226
7514
6741
6660
1010
2050
4749
4601
5475
9895
7428
206
846
3215
2842
270
3356
9565
5106
4944
9046
2828
8303
5026
10165
2012
8261
9063
9933
3565
10151
740
800
6609
546
8489
10122
9036
6242
370
1060
4456
5659
9624
6870
8584
7942
158
6839
8440
7397
5998
49
4344
9052
5597
8895
6632
8977
3961
4564
10171
5230
8366
6490
9076
3224
2960
4314
6118
6481
5785
1908
7691
2646
7430
6177
5736
8230
4566
4951
5669
956
4365
7532
8387
8009
9368
4283
3574
7879
4214
3630
2180
1515
2850
4270
3059
6422
2252
6964
619
9288
6620
1019
825
6506
337
4796
2743
9150
4213
9236
7921
5206
10202
8410
9106
10170
9644
6198
8788
8956
5993
9611
7499
7756
4420
8659
2075
8499
9310
7880
2317
4393
3233
5527
8222
755
3406
8084
5737
6845
1634
7655
1277
3837
7721
1738
5386
678
7562
706
3391
8519
7695
1389
2203
5920
7450
6816
950
3203
245
721
5618
7167
3899
240
1593
2729
8031
7296
46
2906
613
5834
2761
1179
826
6469
2115
10164
10110
2558
9781
4519
7094
9344
9994
5373
7500
6851
4662
2858
9114
9737
6952
7469
8844
9984
6676
7166
4798
6950
7983
4098
6947
6514
3780
9539
8981
2388
3315
5022
1741
9433
5989
7334
6420
3927
4014
5053
3010
513
6498
3708
9622
7190
8736
4383
5876
3776
4859
3337
7144
152
4470
5781
3146
3856
8658
1706
975
4267
86
4272
4053
2490
8242
6902
707
6402
3982
2418
9152
2664
5407
9578
5991
537
6828
3485
9403
4466
8229
3539
2329
5735
1446
6687
4425
4488
5631
8168
3401
4238
2976
8357
1896
5570
6288
5105
4633
2271
4862
1537
2258
3452
4163
1424
653
4020
1093
3523
3103
5817
1968
2230
3925
1276
1046
7114
2712
10
530
9225
6956
2627
1552
359
527
8305
1295
3942
3371
6929
1268
8865
3979
7037
2323
8889
3723
6640
130
8145
1875
6701
1264
8050
2746
6232
6927
319
6011
7357
9194
7398
1801
6699
762
8267
5322
6833
5691
41
7344
4381
2332
9210
3822
6948
6415
10016
5556
5338
297
1431
4151
6122
6681
8533
9057
9751
4621
4982
1158
4617
7635
9637
5552
4322
9233
3867
8759
1226
1584
9059
6980
4045
8652
296
7929
4431
4019
7183
2773
6835
4576
3797
9635
4202
7005
6892
4076
3380
3179
9144
2667
2410
3920
9138
7873
1400
2460
6165
3744
6065
2505
6860
2121
5021
9977
1907
2326
6531
1736
8078
1441
1618
4629
1611
1263
1214
2032
7840
3705
1248
4155
3681
1118
9378
3760
4198
3016
3996
2498
3632
7331
9950
3074
9590
1056
2380
6700
897
8536
4870
8014
2857
9706
3437
4966
821
8444
5804
8466
5879
4068
85
8335
3628
2445
2843
2944
4044
5432
1928
2879
1808
574
3441
2414
1116
9881
233
8454
1793
2735
5428
182
2084
9556
581
5352
2564
75
7189
7340
4684
6214
1057
9274
4416
6641
1540
7815
5074
5916
7068
4119
8629
4110
5819
3265
3876
9416
7071
3936
10196
5606
2677
3375
1247
9131
9936
1873
8745
220
8578
9597
9817
3338
1889
9800
6307
7716
552
8411
9091
9558
9919
8716
6406
8953
7668
1348
6790
8770
5259
7627
1480
473
8278
6125
5024
4964
8495
563
8237
5657
6085
4815
7952
4467
7632
8937
5381
4694
2262
8477
5009
3901
7907
3871
7132
3846
7402
2969
6946
1399
6912
2369
9771
6451
6134
1185
5622
7588
974
9227
5957
2008
9714
9139
7971
717
143
1953
9301
9942
5542
9111
8887
5055
6471
7936
9001
5003
9270
7805
4590
7403
9077
5901
5403
4526
8799
1931
8916
7289
651
2695
4048
2367
1189
9037
6889
6834
1695
4616
621
8845
7150
256
10097
1097
6917
8235
9263
1859
6923
944
6036
8732
6166
1687
8523
938
3605
6725
137
7558
1006
98
4337
6576
4015
4925
2357
4329
4990
847
3787
6392
4402
3906
8090
3589
4000
3862
2522
7520
288
6390
9602
2163
3570
1709
3704
5171
13
87
1490
5294
348
2926
8209
5010
9976
2626
3414
4913
7783
3970
900
10072
595
166
1322
802
2621
9432
813
1960
283
7370
6589
738
4375
8073
6829
1732
5585
5809
5139
9626
4171
1648
5414
4799
7981
9211
1091
3389
4647
8034
4262
2692
10226
805
8614
7605
8272
9554
1130
7405
3853
9337
2085
8086
4785
3092
3114
6541
4136
4318
6569
1949
8625
2942
2588
2822
5666
3753
528
754
5567
8104
2592
5466
2795
1031
1001
2689
1892
1645
8087
1105
5413
6659
156
7379
5250
8456
6433
2916
9534
4824
7011
10129
4731
7056
3567
4193
1240
8067
2630
1308
1725
2217
426
10031
1349
8131
1989
3159
832
3156
8795
2882
7898
9745
5594
7391
4753
2382
3695
9688
4652
1881
6016
1171
227
7984
3983
4064
4760
184
3370
3683
3491
33
128
4417
9766
3320
9657
25
3033
9104
10109
3218
3012
10189
1893
2889
2979
9567
1448
1496
1015
3854
7373
110
342
2130
9509
258
9351
2040
7108
9294
4411
8790
1654
3898
9228
8848
8606
1555
6735
7582
6040
1665
1525
5343
285
6143
10014
3949
5821
1338
10186
9058
4902
3258
7930
9615
998
3484
6702
982
7471
7807
9437
2989
3000
5327
3774
210
8448
7126
3341
1625
7846
3550
8219
437
7620
8058
7460
3056
4909
9402
7596
4042
3172
8882
3896
2765
6775
6278
3956
2645
6607
1951
3792
2483
2434
1289
6094
2126
934
2268
2221
8379
5231
1440
7630
97
6078
1108
1372
4156
6087
9235
10229
3364
804
9208
4394
2671
2471
9189
5546
524
2310
8947
605
4178
2272
8152
374
10208
8097
2138
7486
749
6354
1301
139
5716
9285
6717
4928
7904
4085
9563
2256
4165
5041
9520
8190
1149
8699
53
7544
2316
8128
5312
2961
5292
773
6037
5729
2387
5311
2930
5007
243
7225
625
4128
78
4878
236
2555
2929
2176
9865
894
1035
9362
4673
716
8934
627
9778
8866
7165
8124
5019
9252
8926
7279
1879
6384
508
8323
1580
6410
8211
9244
8620
4374
5909
5769
386
4252
8636
7638
4003
8288
3410
2931
3821
5445
2849
6528
3400
6857
1530
10212
10168
8005
1099
260
809
519
9425
6848
7227
6367
5436
6129
9386
4771
9095
4138
547
7004
6095
4750
7233
4220
1473
6220
6378
1166
5796
4107
536
3261
5220
6154
4207
5115
5408
7850
3784
2868
7808
6822
6258
2337
5685
4711
4266
1915
5172
4475
2980
1895
3771
1775
1833
3230
9156
8085
4184
8618
3067
1631
3875
5634
7594
863
8028
5140
1638
7875
759
1202
7382
10076
7187
1414
7079
1235
3839
6904
9467
3360
4967
8976
3891
869
8833
4776
3200
5987
827
8836
1834
5726
8801
9711
8403
10187
4614
8266
10163
6598
4579
5442
6161
2608
4228
2454
690
9725
1204
5944
7337
333
5626
5038
9648
3687
4854
8115
3448
3222
9358
2999
2685
7026
1776
2356
6438
1145
911
6554
7703
4705
913
5363
3557
9257
3847
9125
2088
7385
8735
5102
3281
4421
4127
6336
2728
3726
3739
5457
1655
7008
4104
6603
1180
6014
9906
8198
5919
7863
7773
5733
7282
7268
5581
6511
7098
4846
4148
9857
6297
3863
9488
4472
9986
6885
2788
3657
9322
2413
8561
7028
8834
2970
6478
2407
7779
6429
6815
6536
5637
1094
9132
3124
6010
5430
4954
905
6457
5592
5254
3394
3531
2017
3275
987
1591
2541
6279
3149
1357
1098
3592
8932
5339
1381
5607
9107
1347
4996
4229
3779
8583
1212
3430
8081
8692
1650
7781
347
194
2740
2232
2394
8626
1837
2301
8125
8547
1298
7107
273
7033
1585
7617
3561
216
2678
977
432
7052
9355
816
8027
3125
7021
770
4905
6888
1356
4634
10182
5827
4766
4273
9645
9391
3283
4454
9472
3072
425
7891
622
177
7962
4115
5348
5317
8749
2406
4592
8473
1817
7690
4561
3852
3611
2200
2234
2067
1717
9474
7631
5880
3130
9393
2691
8959
1293
6740
829
5127
4540
10039
2470
9776
10027
1401
8330
9510
8224
8464
6859
7483
1621
5953
9561
5548
4981
5356
4850
3749
4192
3560
2250
9981
1692
5058
3006
4877
643
906
1976
418
1797
828
9723
9092
9010
8908
6572
3595
3367
3140
2789
2586
1640
1595
1543
400
3120
2189
8010
7599
6330
5722
5647
3613
3344
9674
7742
5658
1524
10036
6920
5126
3469
2472
10092
9775
7290
7263
4559
4406
2389
540
159
7309
1730
1148
1042
